0
1
2
3
4
5
6
7
8
10
11
12
13
14
15
16
17
18
19
20
21
22
23
24
25
26
27
28
29
30
31
32
33
34
35
36
37
38
39
40
41
42
44
45
46
47
48
50
51
52
53
55
56
57
58
59
60
61
63
64
65
66
67
70
71
72
73
74
75
76
77
78
79
80
81
82
83
86
87
91
93
94
95
96
97
98
99
101
102
103
104
105
106
107
108
113
114
118
119
120
121
122
123
124
125
126
127
130
131
132
133
134
135
137
138
139
140
142
144
145
147
148
149
150
151
152
153
154
155
156
157
158
159
160
161
162
163
164
165
167
169
170
171
172
173
174
175
176
177
178
181
184
185
186
187
188
189
190
191
192
193
194
195
197
198
201
202
203
204
205
206
207
208
209
210
211
212
213
214
215
216
217
218
219
221
222
223
224
225
226
227
228
230
232
234
236
238
243
244
245
246
247
249
251
252
253
254
255
256
257
258
259
260
261
262
263
264
266
267
268
269
270
271
272
273
274
275
276
277
278
279
280
281
282
283
286
287
290
291
292
293
294
295
296
297
298
299
300
301
302
303
304
305
306
307
308
309
311
312
313
314
315
316
317
318
319
320
321
322
323
324
326
328
329
330
331
332
333
336
339
343
344
345
346
347
348
349
350
353
355
356
358
361
365
368
369
370
371
372
373
376
377
378
380
381
382
383
394
395
396
397
398
399
400
401
402
403
404
405
406
407
408
409
410
411
412
413
419
423
425
428
429
430
432
433
434
435
436
437
438
439
440
445
446
448
449
450
451
454
455
459
460
461
462
463
464
466
467
468
469
470
471
472
473
474
475
478
480
481
482
483
486
488
489
490
491
492
493
494
495
499
500
501
502
503
504
506
507
508
510
511
512
513
515
516
517
518
519
520
521
522
523
524
525
526
527
528
531
532
533
534
535
536
537
539
540
541
542
543
554
555
556
557
558
559
560
561
562
563
564
566
567
568
570
572
574
576
577
578
579
580
581
582
585
587
588
591
594
595
596
597
598
599
600
603
604
608
609
610
611
614
615
616
617
618
619
620
621
622
623
624
626
627
628
629
631
632
636
637
640
644
654
658
660
661
662
663
664
665
668
669
670
671
672
673
674
675
676
677
678
680
681
683
684
685
686
687
688
689
690
691
692
693
694
695
696
697
698
700
701
702
705
706
715
716
717
719
720
722
723
724
725
726
727
731
732
733
734
735
736
737
738
739
740
741
742
743
744
746
747
748
749
750
751
752
753
754
755
756
757
759
760
761
763
764
765
767
768
769
774
776
778
779
782
783
786
789
790
791
792
794
795
796
797
798
799
801
803
804
805
806
807
808
810
811
812
813
814
815
816
817
818
819
820
821
822
823
824
825
826
827
832
833
834
835
836
837
838
839
840
841
842
843
844
845
846
847
848
849
850
851
852
853
854
856
857
858
859
860
861
862
863
864
865
866
867
868
869
870
871
872
873
874
875
876
877
878
879
880
881
882
883
884
885
886
888
889
891
892
893
894
895
896
898
900
902
904
905
906
907
909
910
911
912
913
914
915
916
917
918
919
920
922
923
926
927
928
929
930
931
932
933
934
936
938
939
940
941
942
943
944
945
946
947
948
949
950
951
954
957
958
960
961
962
965
966
968
969
970
971
973
975
983
984
985
986
987
988
989
990
991
992
993
996
997
999
1000
1001
1009
1010
1014
1015
1016
1018
1019
1020
1021
1022
1024
1025
1026
1027
1029
1030
1031
1032
1033
1034
1036
1037
1039
1042
1047
1048
1049
1050
1051
1054
1058
1059
1061
1063
1064
1065
1066
1070
1072
1076
1077
1080
1081
1083
1084
1085
1089
1090
1091
1093
1094
1095
1096
1097
1098
1099
1101
1104
1106
1108
1109
1110
1111
1112
1113
1114
1115
1116
1119
1121
1122
1124
1126
1127
1128
1129
1130
1131
1132
1133
1134
1135
1137
1141
1143
1144
1147
1148
1149
1150
1153
1154
1155
1157
1158
1160
1161
1162
1163
1164
1165
1166
1167
1168
1169
1170
1171
1172
1173
1174
1175
1176
1193
1196
1200
1201
1202
1203
1204
1205
1207
1208
1209
1210
1211
1212
1213
1214
1216
1217
1218
1219
1220
1222
1223
1224
1225
1226
1227
1230
1232
1233
1234
1235
1236
1237
1238
1239
1240
1241
1243
1246
1247
1249
1256
1258
1261
1263
1264
1265
1266
1267
1268
1269
1271
1272
1273
1274
1275
1276
1278
1279
1280
1281
1282
1283
1284
1285
1286
1287
1291
1293
1294
1296
1297
1298
1299
1301
1303
1304
1307
1308
1309
1310
1311
1312
1313
1314
1315
1316
1319
1320
1321
1322
1323
1325
1326
1327
1333
1334
1335
1336
1337
1340
1342
1345
1347
1348
1350
1352
1353
1359
1360
1362
1363
1364
1365
1366
1369
1373
1375
1376
1379
1383
1384
1385
1386
1387
1388
1389
1392
1398
1399
1400
1403
1405
1406
1410
1412
1413
1415
1417
1421
1422
1424
1426
1427
1428
1429
1432
1433
1434
1435
1436
1437
1438
1441
1442
1443
1444
1445
1447
1448
1453
1456
1457
1458
1460
1461
1462
1466
1472
1473
1474
1475
1476
1478
1479
1483
1484
1485
1487
1488
1496
1498
1499
1501
1503
1506
1507
1509
1511
1516
1517
1524
1526
1527
1528
1533
1538
1539
1541
1543
1544
1545
1546
1547
1549
1550
1552
1553
1555
1556
1557
1558
1559
1560
1561
1563
1567
1568
1569
1570
1571
1572
1573
1574
1575
1578
1579
1580
1581
1582
1584
1586
1589
1590
1591
1592
1597
1599
1602
1605
1606
1607
1608
1609
1610
1611
1614
1615
1616
1617
1618
1619
1621
1622
1623
1624
1625
1629
1631
1632
1633
1634
1635
1636
1637
1638
1639
1640
1641
1642
1644
1647
1649
1650
1651
1652
1654
1655
1656
1657
1658
1659
1663
1664
1665
1670
1672
1673
1674
1675
1676
1677
1678
1679
1681
1683
1684
1685
1686
1687
1688
1689
1690
1691
1692
1693
1694
1695
1696
1697
1698
1699
1700
1701
1702
1704
1705
1706
1707
1708
1709
1710
1711
1712
1713
1715
1716
1717
1718
1721
1722
1723
1724
1726
1727
1728
1729
1730
1734
1735
1736
1744
1745
1746
1747
1749
1750
1751
1752
1753
1756
1758
1759
1760
1761
1762
1763
1764
1765
1766
1770
1772
1773
1776
1779
1780
1781
1782
1783
1784
1785
1786
1787
1788
1797
1798
1799
1800
1801
1804
1805
1806
1808
1809
1813
1814
1815
1816
1818
1819
1820
1821
1822
1823
1824
1825
1826
1827
1828
1830
1832
1833
1834
1835
1836
1837
1838
1842
1843
1845
1846
1847
1848
1849
1852
1853
1855
1856
1857
1858
1860
1863
1864
1865
1867
1868
1870
1871
1872
1873
1874
1875
1876
1877
1880
1881
1883
1884
1885
1887
1888
1892
1894
1895
1902
1903
1906
1907
1908
1909
1910
1911
1912
1913
1918
1920
1921
1922
1923
1925
1928
1929
1930
1931
1932
1933
1934
1936
1939
1940
1941
1942
1943
1944
1946
1947
1949
1950
1951
1952
1953
1954
1955
1956
1957
1958
1959
1960
1961
1962
1965
1966
1967
1968
1972
1973
1974
1975
1976
1977
1978
1979
1981
1982
1983
1984
1985
1986
1987
1989
1990
1991
1992
1993
1994
1995
1996
1997
1998
1999
2000
2001
2002
2003
2004
2005
2006
2008
2009
2010
2011
2012
2013
2014
2015
2016
2017
2018
2019
2020
2021
2023
2024
2025
2028
2029
2031
2033
2034
2035
2036
2037
2038
2039
2040
2041
2042
2043
2044
2045
2046
2047
2050
2051
2052
2055
2057
2061
2062
2063
2064
2065
2066
2067
2068
2069
2070
2072
2076
2077
2078
2079
2080
2081
2083
2084
2085
2087
2088
2090
2091
2093
2094
2095
2096
2098
2099
2102
2103
2104
2105
2106
2108
2109
2117
2118
2120
2123
2124
2127
2129
2130
2131
2132
2134
2135
2136
2137
2139
2140
2144
2145
2146
2147
2148
2149
2150
2151
2152
2153
2154
2155
2156
2158
2161
2162
2163
2164
2165
2167
2168
2169
2170
2171
2172
2174
2175
2178
2179
2180
2181
2182
2183
2184
2185
2186
2187
2188
2189
2190
2191
2192
2193
2194
2195
2196
2197
2198
2199
2200
2201
2202
2203
2204
2206
2207
2208
2209
2210
2211
2212
2213
2214
2215
2216
2217
2218
2219
2220
2221
2222
2223
2224
2225
2228
2229
2231
2232
2235
2238
2239
2240
2241
2242
2246
2247
2248
2251
2252
2253
2254
2255
2256
2257
2258
2259
2260
2261
2262
2263
2264
2265
2266
2267
2268
2269
2271
2275
2280
2282
2283
2284
2285
2288
2289
2290
2295
2298
2299
2300
2301
2305
2306
2307
2310
2311
2312
2313
2317
2319
2320
2321
2322
2323
2324
2326
2328
2329
2330
2331
2332
2333
2334
2335
2336
2337
2338
2339
2340
2341
2342
2343
2344
2345
2346
2347
2348
2349
2350
2351
2352
2353
2354
2355
2356
2357
2358
2359
2360
2361
2362
2363
2364
2365
2366
2367
2368
2370
2371
2372
2373
2374
2375
2376
2377
2378
2379
2380
2381
2382
2384
2387
2388
2389
2390
2393
2394
2395
2396
2397
2398
2399
2400
2401
2402
2405
2408
2409
2410
2411
2413
2414
2415
2416
2419
2425
2427
2428
2430
2440
2441
2442
2443
2444
2445
2446
2447
2448
2450
2451
2454
2455
2456
2459
2461
2462
2463
2465
2467
2468
2469
2470
2471
2472
2474
2475
2476
2477
2483
2484
2485
2486
2487
2488
2489
2490
2491
2492
2494
2495
2496
2497
2498
2499
2500
2501
2502
2503
2504
2506
2507
2508
2509
2510
2511
2513
2516
2517
2518
2521
2522
2523
2524
2526
2527
2528
2529
2531
2532
2535
2536
2537
2538
2539
2540
2541
2543
2544
2545
2546
2547
2548
2549
2551
2553
2554
2556
2557
2558
2559
2560
2561
2562
2563
2564
2565
2566
2567
2570
2571
2572
2574
2575
2577
2578
2579
2580
2581
2582
2583
2584
2586
2587
2588
2591
2595
2597
2599
2600
2601
2602
2604
2606
2608
2609
2610
2612
2613
2616
2617
2618
2619
2620
2621
2622
2623
2625
2626
2628
2630
2631
2632
2633
2635
2637
2638
2639
2640
2642
2643
2644
2645
2646
2647
2648
2650
2651
2652
2654
2656
2657
2658
2659
2660
2661
2662
2663
2664
2665
2666
2668
2670
2672
2673
2674
2676
2677
2679
2680
2681
2682
2683
2686
2687
2689
2690
2692
2693
2694
2695
2696
2697
2698
2699
2700
2701
2702
2703
2705
2706
2710
2712
2714
2716
2717
2721
2722
2723
2724
2726
2727
2728
2729
2733
2734
2735
2736
2737
2738
2739
2740
2741
2742
2743
2744
2745
2747
2748
2750
2751
2752
2753
2754
2755
2756
2757
2758
2759
2760
2761
2762
2763
2764
2766
2767
2768
2769
2770
2773
2775
2779
2781
2782
2783
2784
2786
2787
2790
2791
2793
2794
2795
2796
2798
2799
2801
2802
2803
2804
2805
2806
2807
2808
2809
2810
2811
2812
2813
2814
2815
2816
2817
2818
2819
2820
2821
2822
2823
2826
2827
2828
2830
2831
2834
2836
2837
2838
2839
2840
2841
2843
2846
2847
2848
2849
2850
2852
2856
2859
2861
2862
2863
2864
2866
2867
2868
2869
2870
2871
2872
2873
2874
2875
2876
2877
2888
2890
2924
2936
2967
2974
2976
2989
2990
2991
2992
2993
2994
2995
2996
2997
2998
2999
3000
3001
3003
3004
3007
3008
3009
3010
3011
3013
3014
3015
3017
3019
3022
3023
3024
3025
3026
3027
3028
3029
3030
3031
3032
3033
3034
3040
3041
3042
3044
3046
3047
3048
3051
3052
3053
3054
3055
3056
3057
3058
3059
3061
3064
3065
3066
3067
3071
3072
3073
3074
3076
3077
3078
3079
3080
3082
3083
3084
3085
3086
3087
3088
3089
3090
3091
3092
3093
3094
3096
3097
3099
3101
3102
3103
3104
3106
3107
3108
3109
3110
3117
3118
3119
3120
3121
3122
3123
3124
3125
3126
3127
3128
3132
3133
3134
3135
3136
3138
3139
3140
3141
3142
3143
3146
3147
3149
3150
3151
3154
3155
3156
3158
3159
3160
3162
3163
3164
3165
3166
3167
3168
3169
3170
3171
3172
3173
3174
3175
3176
3177
3179
3180
3181
3186
3188
3189
3190
3191
3192
3193
3194
3195
3196
3197
3198
3199
3200
3201
3202
3203
3204
3206
3207
3208
3209
3210
3211
3212
3213
3214
3215
3216
3217
3218
3219
3220
3221
3222
3223
3224
3225
3226
3227
3230
3231
3232
3236
3237
3239
3240
3241
3242
3243
3244
3246
3247
3248
3249
3250
3251
3252
3253
3254
3255
3256
3257
3258
3259
3260
3261
3262
3265
3266
3267
3268
3269
3270
3271
3273
3274
3275
3276
3277
3278
3279
3280
3281
3282
3284
3285
3286
3287
3288
3289
3290
3291
3292
3293
3294
3295
3296
3297
3298
3299
3300
3302
3303
3304
3305
3306
3309
3310
3311
3313
3314
3317
3318
3319
3321
3322
3323
3324
3325
3326
3327
3328
3329
3330
3331
3332
3333
3334
3335
3336
3337
3338
3340
3341
3342
3343
3344
3345
3346
3347
3348
3349
3350
3351
3352
3353
3354
3355
3356
3357
3358
3359
3360
3361
3362
3363
3364
3366
3368
3369
3370
3371
3372
3373
3374
3376
3377
3378
3379
3380
3382
3383
3384
3385
3386
3387
3388
3392
3393
3394
3395
3396
3397
3398
3399
3400
3401
3402
3403
3404
3405
3406
3407
3409
3410
3411
3412
3413
3414
3415
3416
3417
3418
3420
3421
3422
3423
3424
3425
3426
3429
3431
3432
3433
3434
3435
3436
3437
3439
3440
3441
3444
3445
3446
3447
3448
3449
3450
3452
3453
3455
3458
3459
3460
3461
3462
3463
3464
3465
3467
3474
3475
3476
3477
3478
3481
3482
3483
3484
3485
3486
3492
3493
3494
3495
3497
3498
3499
3500
3501
3502
3503
3504
3505
3506
3507
3508
3509
3510
3513
3514
3515
3516
3526
3527
3528
3529
3530
3531
3534
3535
3536
3539
3540
3541
3542
3543
3544
3545
3546
3547
3548
3549
3550
3551
3552
3553
3554
3555
3556
3557
3558
3559
3562
3566
3567
3568
3569
3573
3574
3576
3577
3578
3579
3582
3583
3584
3585
3586
3588
3589
3590
3591
3595
3596
3597
3598
3599
3600
3603
3604
3605
3607
3608
3609
3610
3611
3612
3613
3614
3615
3616
3617
3619
3621
3622
3623
3624
3625
3627
3628
3630
3631
3633
3634
3635
3636
3637
3638
3641
3642
3643
3644
3645
3647
3648
3649
3650
3651
3654
3656
3657
3658
3659
3660
3661
3662
3664
3665
3666
3667
3668
3669
3670
3671
3672
3673
3674
3675
3676
3677
3679
3680
3682
3686
3687
3688
3689
3690
3691
3692
3696
3697
3698
3699
3700
3701
3702
3703
3704
3705
3706
3707
3708
3710
3711
3713
3714
3716
3718
3719
3720
3721
3724
3725
3726
3727
3728
3729
3730
3731
3732
3733
3735
3736
3737
3738
3739
3740
3741
3742
3743
3744
3745
3746
3747
3750
3752
3753
3754
3756
3757
3758
3759
3760
3761
3763
3765
3766
3767
3768
3769
3770
3771
3772
3773
3774
3775
3776
3777
3778
3779
3780
3781
3782
3783
3784
3785
3786
3787
3788
3789
3790
3791
3792
3793
3794
3795
3796
3797
3798
3799
3800
3801
3802
3803
3804
3805
3806
3807
3822
3825
3826
3829
3833
3834
3835
3837
3838
3839
3840
3841
3842
3843
3844
3845
3846
3848
3849
3850
3851
3852
3853
3858
3860
3861
3862
3863
3864
3865
3866
3867
3868
3870
3871
3872
3873
3874
3875
3876
3877
3880
3881
3882
3883
3884
3893
3894
3895
3897
3898
3899
3900
3901
3902
3903
3904
3905
3907
3908
3912
3913
3914
3915
3917
3918
3924
3925
3926
3927
3929
3930
3931
3932
3933
3934
3935
3936
3937
3939
3940
3941
3942
3943
3944
3945
3946
3947
3948
3951
3953
3954
3955
3956
3957
3958
3960
3962
3963
3964
3965
3966
3967
3968
3969
3970
3972
3973
3974
3975
3976
3977
3979
3980
3981
3982
3983
3984
3985
3986
3987
3988
3989
3990
3991
3992
3993
3994
3995
3997
3998
3999
4001
4007
4008
4009
4010
4011
4012
4013
4014
4015
4016
4018
4020
4021
4025
4027
4028
4029
4031
4032
4033
4038
4039
4040
4041
4042
4043
4044
4045
4047
4048
4049
4050
4051
4060
4061
4065
4067
4071
4074
4077
4078
4080
4081
4082
4083
4084
4085
4086
4087
4088
4089
4090
4091
4092
4093
4094
4095
4098
4104
4105
4107
4108
4109
4117
4118
4121
4122
4123
4124
4125
4126
4127
4128
4129
4132
4135
4137
4138
4139
4140
4141
4143
4144
4145
4146
4147
4149
4150
4154
4158
4159
4161
4166
4167
4168
4169
4170
4172
4177
4178
4180
4181
4185
4187
4192
4193
4195
4197
4201
4202
4204
4210
4211
4213
4216
4217
4218
4219
4220
4221
4222
4226
4227
4228
4230
4231
4232
4233
4236
4237
4238
4239
4240
4251
4252
4253
4254
4256
4260
4263
4264
4265
4266
4267
4268
4271
4272
4273
4274
4275
4276
4279
4280
4284
4286
4288
4289
4291
4293
4295
4296
4297
4300
4301
4302
4303
4304
4305
4306
4307
4308
4309
4310
4311
4312
4319
4320
4324
4325
4326
4327
4333
4334
4335
4336
4339
4341
4343
4344
4345
4347
4348
4353
4354
4358
4359
4360
4361
4369
4370
4371
4372
4373
4374
4375
4377
4378
4379
4380
4381
4382
4383
4384
4385
4386
4388
4389
4390
4391
4392
4393
4394
4395
4396
4397
4398
4399
4400
4402
4403
4404
4405
4408
4409
4411
4412
4413
4415
4419
4420
4421
4422
4424
4427
4428
4429
4432
4435
4436
4437
4438
4439
4440
4441
4442
4443
4444
4445
4446
4448
4449
4450
4452
4453
4454
4456
4457
4458
4459
4460
4462
4463
4464
4465
4467
4468
4473
4474
4476
4478
4479
4480
4481
4482
4483
4484
4485
4486
4487
4488
4489
4490
4491
4492
4493
4494
4495
4497
4498
4501
4502
4503
4504
4506
4507
4508
4509
4510
4511
4512
4513
4514
4516
4517
4518
4519
4520
4521
4522
4523
4524
4525
4526
4527
4528
4529
4530
4531
4532
4533
4534
4536
4537
4539
4540
4541
4542
4543
4544
4545
4547
4548
4549
4550
4551
4552
4553
4554
4555
4556
4557
4558
4559
4560
4561
4562
4563
4564
4565
4567
4568
4569
4570
4571
4574
4575
4577
4578
4579
4581
4599
4600
4604
4605
4606
4607
4608
4609
4610
4611
4612
4613
4614
4615
4617
4622
4623
4625
4626
4627
4630
4631
4632
4634
4635
4636
4637
4638
4639
4640
4642
4643
4644
4645
4646
4651
4652
4653
4654
4655
4656
4657
4658
4659
4660
4661
4663
4667
4668
4669
4670
4673
4674
4675
4676
4677
4678
4679
4680
4681
4682
4683
4684
4690
4692
4696
4697
4698
4699
4700
4701
4702
4703
4704
4705
4706
4707
4709
4710
4711
4712
4716
4718
4719
4720
4721
4722
4723
4724
4725
4726
4727
4728
4729
4730
4731
4732
4733
4734
4735
4736
4737
4738
4739
4742
4743
4744
4745
4746
4747
4748
4749
4750
4751
4752
4753
4754
4755
4757
4758
4759
4761
4764
4765
4766
4769
4771
4772
4773
4774
4775
4776
4777
4778
4780
4781
4782
4783
4784
4785
4789
4790
4791
4792
4793
4794
4803
4804
4805
4807
4808
4809
4810
4811
4812
4813
4815
4816
4817
4818
4819
4820
4821
4822
4823
4826
4828
4829
4830
4831
4832
4833
4834
4837
4838
4840
4841
4842
4843
4845
4849
4850
4851
4852
4853
4854
4855
4856
4857
4858
4861
4862
4863
4864
4865
4866
4867
4868
4869
4870
4871
4876
4877
4878
4879
4880
4881
4883
4884
4885
4889
4890
4892
4896
4897
4899
4900
4901
4903
4904
4906
4907
4908
4909
4910
4911
4912
4913
4914
4917
4918
4919
4920
4921
4922
4923
4924
4925
4927
4931
4933
4934
4935
4937
4938
4939
4942
4943
4944
4945
4946
4947
4948
4950
4951
4952
4953
4954
4955
4957
4958
4959
4960
4961
4967
4968
4969
4970
4972
4973
4975
4976
4977
4978
4980
4981
4982
4985
4986
4987
4988
4989
4990
4991
4992
4993
4994
4995
4997
4998
4999
5000
5002
5003
5008
5009
5010
5011
5012
5013
5014
5015
5016
5018
5019
5020
5021
5022
5023
5026
5027
5028
5029
5031
5032
5033
5034
5035
5036
5037
5040
5041
5042
5043
5045
5046
5047
5048
5049
5050
5051
5053
5054
5055
5066
5067
5068
5069
5073
5074
5075
5076
5077
5083
5085
5086
5089
5091
5092
5093
5094
5095
5097
5098
5099
5100
5101
5102
5103
5104
5105
5106
5107
5108
5109
5110
5111
5112
5113
5114
5115
5116
5117
5118
5119
5120
5121
5122
5123
5124
5125
5126
5127
5128
5129
5130
5131
5132
5133
5134
5135
5136
5137
5138
5139
5140
5142
5146
5148
5150
5151
5152
5153
5154
5155
5156
5158
5160
5161
5162
5166
5167
5168
5169
5170
5171
5173
5174
5175
5176
5177
5180
5181
5182
5183
5184
5186
5187
5188
5189
5190
5191
5192
5193
5195
5196
5198
5199
5200
5201
5202
5203
5212
5216
5221
5222
5223
5224
5225
5227
5228
5229
5236
5237
5238
5239
5240
5241
5244
5248
5249
5252
5254
5255
5257
5261
5262
5263
5264
5265
5266
5267
5268
5269
5271
5272
5273
5275
5276
5278
5279
5280
5281
5282
5283
5285
5286
5288
5289
5290
5291
5292
5293
5294
5295
5296
5298
5300
5301
5302
5303
5304
5307
5309
5311
5313
5314
5316
5317
5318
5319
5321
5322
5323
5324
5325
5327
5328
5330
5331
5332
5334
5335
5338
5339
5340
5341
5342
5347
5348
5349
5363
5373
5384
5385
5386
5387
5388
5390
5391
5392
5393
5394
5395
5396
5397
5398
5399
5400
5402
5403
5404
5405
5406
5408
5409
5411
5412
5413
5414
5416
5418
5419
5421
5423
5424
5426
5436
5437
5438
5439
5440
5443
5448
5451
5452
5456
5460
5461
5464
5465
5467
5468
5469
5470
5477
5479
5480
5482
5483
5484
5485
5486
5488
5489
5490
5491
5492
5493
5494
5497
5498
5500
5502
5503
5504
5505
5506
5510
5511
5512
5515
5516
5517
5518
5519
5522
5523
5524
5525
5526
5527
5541
5542
5546
5547
5554
5555
5556
5557
5562
5563
5571
5574
5580
5594
5595
5596
5597
5599
5601
5603
5607
5611
5612
5614
5617
5618
5619
5620
5623
5624
5633
5634
5636
5640
5641
5642
5643
5644
5645
5646
5647
5648
5650
5651
5652
5661
5662
5667
5668
5670
5671
5672
5673
5674
5677
5678
5679
5680
5683
5687
5688
5689
5690
5691
5692
5699
5700
5701
5704
5705
5706
5710
5712
5713
5714
5715
5718
5719
5720
5721
5722
5723
5724
5725
5726
5727
5728
5729
5730
5731
5732
5733
5734
5735
5736
5738
5739
5741
5747
5748
5749
5753
5756
5774
5775
5776
5777
5778
5779
5780
5781
5782
5784
5785
5786
5787
5788
5789
5790
5793
5794
5795
5796
5797
5803
5805
5807
5808
5809
5812
5813
5814
5815
5816
5817
5818
5819
5824
5825
5826
5827
5828
5829
5830
5831
5832
5833
5834
5835
5836
5837
5838
5839
5840
5841
5842
5843
5844
5845
5846
5847
5848
5849
5850
5851
5852
5853
5854
5861
5862
5863
5864
5865
5866
5867
5868
5869
5870
5871
5872
5873
5874
5875
5876
5879
5880
5881
5883
5884
5885
5887
5888
5893
5894
5895
5896
5897
5899
5900
5901
5905
5906
5907
5908
5909
5910
5911
5914
5915
5916
5926
5929
5930
5931
5932
5933
5936
5937
5938
5939
5940
5941
5942
5944
5945
5946
5947
5948
5949
5950
5951
5952
5953
5954
5957
5959
5966
5968
5969
5970
5971
5973
5974
5975
5978
5979
5981
5983
5985
5986
5988
5989
5991
5992
5993
5994
5995
5996
5997
5998
5999
6000
6001
6004
6006
6008
6009
6010
6012
6014
6015
6016
6017
6018
6019
6020
6021
6022
6023
6025
6027
6028
6029
6030
6031
6032
6033
6034
6035
6040
6041
6042
6044
6045
6046
6048
6049
6053
6054
6055
6056
6057
6058
6059
6060
6063
6065
6066
6067
6074
6075
6076
6077
6083
6090
6092
6097
6110
6112
6113
6119
6120
6125
6127
6134
6140
6170
6172
6175
6185
6186
6187
6188
6189
6190
6191
6192
6193
6194
6195
6196
6197
6198
6199
6200
6201
6202
6203
6204
6205
6206
6207
6209
6210
6211
6212
6213
6214
6215
6216
6217
6220
6221
6222
6223
6224
6225
6226
6230
6231
6232
6238
6239
6240
6242
6245
6246
6252
6253
6254
6255
6256
6257
6258
6261
6263
6264
6265
6266
6267
6268
6269
6270
6271
6272
6277
6278
6279
6281
6282
6283
6284
6291
6292
6293
6295
6296
6297
6305
6307
6311
6312
6321
6331
6338
6339
6344
6346
6347
6348
6349
6350
6351
6352
6353
6354
6355
6356
6357
6358
6359
6360
6361
6363
6364
6365
6367
6368
6369
6370
6371
6372
6373
6374
6375
6376
6377
6378
6379
6381
6382
6383
6384
6385
6387
6388
6389
6390
6391
6392
6393
6394
6395
6396
6397
6399
6400
6401
6402
6403
6407
6413
6417
6434
6438
6442
6443
6444
6445
6448
6450
6451
6452
6453
6456
6460
6461
6465
6467
6469
6480
6482
6485
6486
6489
6495
6496
6498
6499
6500
6501
6502
6503
6504
6505
6506
6507
6508
6509
6510
6511
6514
6515
6516
6517
6518
6519
6520
6521
6523
6525
6526
6527
6528
6529
6530
6531
6532
6533
6535
6537
6538
6539
6540
6541
6542
6543
6544
6545
6546
6547
6548
6549
6550
6553
6555
6557
6558
6559
6560
6563
6564
6565
6567
6568
6569
6570
6571
6572
6573
6574
6576
6577
6578
6579
6580
6581
6582
6583
6585
6586
6587
6589
6590
6591
6592
6593
6594
6597
6598
6600
6601
6602
6603
6604
6605
6606
6607
6608
6609
6610
6611
6612
6613
6614
6616
6617
6618
6619
6622
6623
6624
6625
6626
6627
6628
6629
6630
6631
6632
6634
6635
6636
6637
6638
6640
6641
6642
6653
6656
6661
6664
6666
6667
6670
6671
6672
6673
6674
6675
6676
6678
6679
6680
6681
6682
6683
6684
6686
6687
6688
6689
6692
6693
6696
6698
6700
6706
6708
6709
6710
6711
6712
6713
6714
6715
6716
6717
6719
6720
6721
6722
6723
6724
6725
6726
6727
6731
6732
6733
6734
6739
6740
6741
6745
6746
6747
6752
6753
6757
6762
6763
6766
6770
6771
6772
6774
6775
6776
6778
6784
6787
6788
6789
6791
6794
6795
6798
6799
6800
6801
6803
6804
6805
6806
6807
6811
6815
6816
6818
6820
6821
6822
6823
6826
6829
6830
6832
6833
6837
6838
6839
6840
6841
6842
6843
6844
6845
6846
6847
6848
6850
6851
6852
6853
6857
6859
6860
6861
6866
6871
6872
6874
6875
6878
6879
6880
6881
6883
6884
6885
6886
6887
6888
6889
6891
6892
6893
6894
6895
6896
6897
6898
6899
6900
6901
6905
6907
6908
6910
6911
6912
6914
6918
6920
6922
6923
6924
6925
6926
6927
6928
6929
6930
6931
6932
6933
6934
6935
6936
6937
6939
6943
6944
6945
6946
6948
6949
6950
6952
6953
6954
6955
6956
6957
6958
6959
6960
6961
6962
6963
6964
6965
6966
6967
6968
6969
6970
6971
6972
6973
6974
6975
6976
6978
6989
6990
6991
6992
6993
6994
6995
6997
6998
6999
7000
7003
7004
7005
7006
7007
7008
7010
7011
7013
7014
7015
7016
7019
7020
7021
7022
7023
7024
7025
7028
7031
7033
7035
7038
7039
7041
7042
7043
7044
7045
7048
7051
7052
7053
7054
7055
7057
7059
7060
7061
7062
7067
7068
7069
7070
7071
7072
7073
7074
7075
7076
7077
7078
7079
7080
7081
7082
7083
7084
7085
7086
7087
7088
7089
7090
7092
7094
7095
7096
7097
7098
7099
7100
7101
7102
7103
7104
7105
7106
7107
7108
7109
7111
7112
7113
7114
7115
7116
7118
7119
7120
7121
7122
7123
7124
7126
7127
7130
7131
7132
7133
7134
7135
7136
7137
7138
7139
7140
7142
7143
7144
7145
7146
7147
7148
7149
7150
7151
7153
7154
7157
7159
7160
7162
7163
7165
7168
7169
7170
7171
7175
7177
7179
7180
7182
7183
7184
7185
7186
7188
7189
7190
7193
7194
7195
7196
7197
7198
7202
7203
7204
7205
7206
7207
7208
7209
7210
7211
7212
7213
7215
7216
7217
7218
7220
7221
7224
7232
7233
7234
7235
7236
7238
7239
7240
7241
7242
7243
7247
7248
7250
7253
7255
7256
7258
7262
7264
7265
7266
7273
7275
7276
7288
7289
7290
7291
7292
7293
7295
7298
7299
7300
7301
7302
7303
7304
7305
7306
7307
7309
7310
7311
7312
7313
7316
7317
7318
7319
7322
7325
7326
7327
7329
7332
7334
7335
7337
7340
7341
7342
7343
7344
7350
7351
7352
7354
7355
7356
7357
7358
7367
7371
7372
7373
7375
7377
7381
7382
7383
7384
7385
7386
7387
7388
7389
7390
7391
7392
7393
7394
7396
7397
7398
7399
7400
7401
7402
7403
7404
7408
7409
7410
7411
7412
7413
7414
7415
7416
7418
7419
7420
7421
7423
7424
7426
7427
7428
7429
7430
7431
7433
7434
7435
7437
7438
7442
7444
7445
7446
7447
7448
7449
7450
7454
7455
7456
7457
7458
7459
7460
7461
7462
7463
7464
7465
7466
7467
7470
7471
7472
7474
7476
7477
7478
7480
7481
7482
7483
7485
7486
7487
7489
7490
7493
7494
7495
7496
7497
7498
7499
7500
7502
7503
7505
7506
7507
7508
7509
7510
7511
7512
7513
7514
7515
7516
7518
7519
7520
7521
7523
7527
7528
7529
7530
7531
7532
7533
7535
7536
7537
7538
7539
7540
7541
7542
7543
7544
7545
7546
7547
7548
7549
7551
7552
7553
7554
7555
7556
7557
7558
7559
7560
7561
7562
7563
7564
7566
7567
7568
7570
7571
7572
7573
7574
7575
7576
7577
7578
7579
7582
7583
7584
7585
7586
7587
7588
7589
7595
7597
7598
7599
7600
7601
7602
7603
7609
7610
7611
7616
7617
7618
7619
7620
7621
7622
7623
7624
7625
7626
7627
7628
7629
7630
7633
7634
7636
7637
7638
7639
7640
7642
7643
7644
7645
7646
7648
7649
7651
7653
7654
7656
7659
7661
7662
7663
7666
7671
7672
7673
7674
7675
7676
7677
7678
7679
7680
7681
7682
7683
7684
7685
7686
7687
7689
7690
7691
7692
7693
7696
7697
7698
7699
7701
7702
7703
7704
7705
7706
7707
7708
7710
7711
7712
7714
7720
7721
7722
7726
7727
7728
7729
7730
7731
7732
7733
7734
7735
7736
7737
7738
7739
7740
7743
7748
7750
7751
7752
7755
7756
7757
7758
7759
7760
7762
7763
7764
7765
7766
7767
7768
7769
7770
7771
7772
7773
7774
7775
7776
7777
7779
7780
7781
7787
7788
7789
7791
7792
7793
7794
7795
7796
7797
7798
7799
7800
7801
7802
7803
7804
7805
7806
7807
7808
7809
7810
7811
7814
7815
7816
7817
7818
7819
7821
7822
7823
7824
7825
7826
7829
7831
7832
7833
7834
7835
7836
7837
7838
7839
7840
7841
7842
7843
7844
7845
7846
7847
7848
7850
7851
7852
7853
7854
7855
7856
7857
7858
7859
7860
7861
7862
7864
7865
7867
7869
7870
7871
7873
7874
7875
7876
7878
7880
7885
7886
7887
7889
7890
7892
7893
7894
7896
7897
7898
7899
7900
7901
7902
7903
7904
7905
7906
7907
7908
7909
7910
7911
7912
7913
7915
7916
7917
7921
7922
7923
7924
7925
7926
7928
7931
7932
7934
7935
7937
7938
7939
7940
7941
7942
7943
7944
7945
7946
7947
7948
7949
7950
7951
7952
7953
7954
7955
7956
7957
7958
7959
7960
7961
7962
7963
7964
7965
7966
7967
7968
7969
7970
7971
7973
7974
7975
7976
7977
7978
7980
7981
7982
7983
7984
7985
7986
7987
7988
7989
7990
7991
7992
7993
7995
7996
7997
7998
7999
8000
8001
8002
8003
8004
8005
8006
8007
8008
8009
8010
8011
8012
8013
8014
8015
8016
8017
8018
8019
8020
8021
8022
8023
8024
8025
8027
8028
8029
8030
8031
8033
8034
8035
8037
8038
8039
8040
8041
8042
8043
8044
8045
8046
8047
8048
8049
8050
8051
8052
8053
8054
8055
8056
8057
8058
8059
8060
8061
8062
8063
8064
8065
8066
8067
8068
8069
8070
8071
8072
8073
8074
8075
8076
8077
8078
8079
8080
8081
8082
8083
8084
8086
8087
8088
8089
8090
8091
8092
8093
8094
8095
8096
8097
8098
8099
8100
8105
8107
8109
8110
8112
8113
8114
8117
8118
8119
8120
8122
8125
8126
8129
8132
8133
8135
8138
8140
8143
8145
8146
8148
8149
8151
8154
8155
8156
8157
8158
8159
8161
8162
8163
8164
8169
8172
8173
8176
8178
8181
8182
8183
8184
8185
8186
8187
8188
8189
8190
8192
8194
8196
8201
8202
8203
8204
8207
8208
8209
8211
8212
8213
8214
8217
8219
8220
8221
8222
8223
8224
8225
8227
8232
8237
8238
8239
8240
8242
8243
8246
8247
8248
8250
8251
8252
8254
8255
8258
8261
8262
8263
8265
8266
8269
8270
8272
8273
8275
8276
8282
8284
8285
8286
8287
8289
8291
8293
8295
8296
8297
8300
8302
8303
8306
8307
8309
8311
8312
8313
8314
8315
8316
8318
8319
8321
8323
8324
8325
8328
8329
8330
8331
8332
8337
8338
8339
8341
8342
8343
8344
8345
8346
8347
8348
8349
8350
8351
8352
8353
8354
8355
8356
8357
8358
8359
8360
8362
8363
8364
8365
8367
8368
8369
8370
8373
8374
8375
8376
8377
8379
8380
8381
8382
8384
8385
8386
8387
8388
8389
8391
8392
8397
8398
8399
8400
8401
8402
8404
8405
8406
8407
8408
8409
8411
8412
8413
8414
8415
8416
8417
8418
8419
8420
8421
8422
8423
8424
8425
8426
8427
8428
8429
8430
8431
8432
8433
8434
8435
8437
8439
8441
8444
8445
8447
8448
8449
8450
8451
8452
8453
8454
8455
8456
8457
8458
8459
8460
8461
8462
8463
8464
8466
8467
8468
8469
8470
8471
8472
8473
8474
8475
8476
8477
8478
8483
8484
8494
8495
8498
8499
8501
8503
8505
8507
8508
8509
8510
8511
8512
8513
8514
8516
8517
8518
8521
8522
8523
8524
8526
8527
8529
8530
8531
8532
8533
8535
8536
8537
8540
8544
8545
8546
8547
8548
8549
8550
8551
8553
8556
8557
8558
8559
8562
8563
8570
8573
8574
8576
8578
8580
8581
8582
8583
8584
8587
8589
8591
8594
8595
8597
8598
8599
8600
8601
8602
8603
8604
8605
8606
8607
8608
8609
8610
8612
8613
8614
8615
8616
8617
8618
8619
8620
8621
8622
8623
8624
8625
8626
8627
8629
8630
8631
8632
8633
8634
8635
8636
8637
8640
8641
8642
8643
8644
8646
8647
8648
8649
8650
8651
8652
8653
8654
8655
8656
8657
8658
8659
8660
8661
8662
8663
8664
8666
8667
8669
8670
8671
8672
8673
8674
8675
8676
8677
8678
8679
8680
8683
8685
8686
8687
8688
8689
8690
8691
8692
8693
8694
8695
8696
8697
8698
8700
8701
8702
8703
8704
8705
8706
8707
8708
8709
8710
8711
8712
8713
8714
8715
8716
8717
8718
8720
8721
8723
8724
8727
8731
8732
8733
8734
8735
8736
8737
8738
8739
8740
8741
8742
8743
8744
8745
8746
8747
8748
8749
8750
8751
8752
8753
8755
8756
8757
8758
8759
8760
8762
8763
8764
8765
8766
8767
8768
8769
8770
8771
8772
8774
8775
8776
8777
8778
8779
8780
8782
8784
8785
8786
8787
8789
8790
8791
8792
8793
8794
8795
8796
8797
8798
8799
8800
8801
8802
8803
8804
8805
8806
8808
8809
8810
8811
8812
8813
8814
8815
8816
8819
8821
8822
8823
8824
8825
8827
8828
8829
8831
8832
8833
8834
8835
8836
8837
8838
8839
8840
8841
8842
8843
8844
8846
8847
8848
8849
8850
8851
8854
8855
8856
8857
8858
8859
8860
8861
8864
8865
8866
8867
8868
8869
8870
8871
8872
8873
8874
8875
8876
8877
8878
8879
8880
8881
8882
8883
8884
8885
8886
8887
8888
8889
8890
8891
8893
8894
8895
8897
8898
8899
8900
8901
8902
8903
8904
8905
8907
8908
8909
8910
8911
8915
8917
8918
8920
8921
8922
8923
8924
8925
8926
8928
8931
8933
8934
8936
8937
8939
8940
8941
8942
8943
8945
8947
8951
8952
8953
8954
8955
8956
8958
8959
8961
8962
8965
8967
8968
8969
8973
8974
8975
8976
8977
8979
8981
8982
8984
8986
8987
8988
8989
8991
8992
8997
9000
9001
9003
9004
9005
9006
9007
9008
9011
9012
9013
9015
9016
9017
9018
9019
9020
9021
9022
9023
9024
9025
9026
9027
9028
9029
9030
9031
9032
9033
9034
9035
9036
9037
9039
9040
9042
9043
9044
9046
9048
9049
9051
9052
9053
9055
9057
9059
9061
9062
9065
9066
9069
9071
9073
9074
9075
9076
9077
9078
9080
9081
9082
9083
9084
9085
9086
9088
9091
9092
9094
9095
9097
9098
9099
9100
9102
9103
9107
9108
9109
9110
9111
9114
9116
9119
9120
9121
9123
9126
9132
9133
9134
9135
9136
9142
9143
9144
9147
9154
9156
9160
9164
9165
9167
9169
9171
9173
9174
9176
9177
9179
9181
9182
9183
9184
9185
9186
9187
9188
9189
9190
9191
9192
9194
9195
9197
9198
9199
9200
9201
9202
9203
9204
9207
9208
9210
9211
9212
9213
9214
9215
9216
9217
9220
9222
9223
9225
9226
9227
9229
9230
9231
9232
9234
9236
9237
9238
9239
9240
9241
9242
9243
9244
9245
9248
9250
9251
9252
9253
9254
9255
9256
9257
9258
9259
9260
9261
9262
9264
9265
9266
9267
9268
9269
9270
9271
9272
9273
9274
9275
9276
9277
9278
9279
9280
9281
9282
9283
9284
9285
9286
9287
9289
9290
9291
9292
9294
9295
9296
9297
9298
9299
9300
9301
9302
9303
9304
9305
9306
9309
9310
9311
9312
9313
9314
9315
9316
9317
9320
9321
9322
9323
9324
9325
9326
9327
9328
9329
9330
9332
9333
9334
9335
9336
9338
9339
9340
9342
9344
9345
9346
9347
9348
9349
9350
9351
9352
9353
9354
9356
9357
9358
9359
9360
9362
9367
9368
9369
9373
9374
9375
9376
9377
9378
9379
9380
9381
9382
9383
9384
9385
9387
9390
9391
9392
9393
9394
9395
9396
9397
9398
9399
9401
9402
9403
9404
9405
9409
9412
9414
9416
9417
9418
9419
9420
9421
9422
9423
9424
9425
9426
9427
9428
9429
9430
9432
9433
9434
9436
9438
9445
9447
9449
9452
9453
9454
9455
9457
9461
9462
9463
9465
9466
9467
9468
9469
9470
9471
9472
9473
9474
9475
9477
9478
9479
9480
9481
9493
9494
9495
9496
9497
9498
9499
9503
9504
9505
9508
9510
9512
9514
9515
9516
9517
9518
9519
9520
9521
9524
9525
9526
9527
9528
9529
9530
9532
9533
9534
9535
9536
9540
9541
9546
9547
9548
9551
9552
9556
9557
9558
9559
9561
9562
9563
9564
9565
9566
9567
9568
9569
9570
9571
9572
9573
9575
9576
9578
9579
9580
9581
9582
9583
9584
9585
9586
9587
9588
9589
9593
9594
9595
9597
9598
9599
9600
9601
9603
9604
9605
9606
9607
9608
9609
9611
9614
9618
9621
9625
9627
9630
9637
9638
9639
9640
9642
9643
9649
9653
9655
9657
9658
9662
9663
9665
9666
9667
9668
9669
9670
9671
9672
9673
9674
9675
9676
9677
9678
9679
9680
9681
9682
9683
9684
9685
9686
9687
9688
9689
9690
9691
9692
9693
9694
9695
9696
9698
9699
9700
9701
9702
9703
9705
9706
9707
9710
9711
9712
9713
9714
9715
9716
9717
9722
9724
9725
9726
9727
9728
9733
9736
9738
9741
9743
9746
9747
9748
9749
9750
9751
9752
9753
9754
9755
9756
9757
9758
9759
9760
9761
9762
9768
9769
9770
9771
9772
9773
9774
9777
9778
9779
9780
9782
9784
9786
9790
9791
9792
9793
9804
9805
9807
9808
9809
9836
9857
9858
9863
9865
9868
9869
9870
9871
9872
9892
9893
9895
9928
9929
9930
9931
9985
9997
10017
10020
10021
10042
10043
10046
10051
10052
10053
10054
10055
10056
10057
10058
10060
10061
10062
10064
10065
10066
10067
10068
10069
10070
10071
10072
10074
10078
10079
10080
10081
10082
10084
10085
10086
10087
10088
10089
10090
10091
10092
10093
10094
10095
10096
10097
10098
10099
10101
10102
10103
10104
10105
10106
10107
10108
10109
10110
10111
10112
10113
10114
10115
10116
10117
10118
10120
10121
10122
10124
10125
10126
10127
10128
10129
10130
10136
10140
10141
10143
10144
10145
10146
10147
10150
10151
10152
10153
10155
10156
10157
10161
10163
10164
10165
10168
10169
10171
10181
10182
10183
10184
10185
10188
10190
10191
10192
10193
10195
10196
10197
10209
10210
10212
10213
10214
10215
10217
10218
10219
10223
10224
10226
10228
10231
10232
10233
10234
10236
10237
10238
10239
10240
10241
10242
10243
10244
10245
10246
10248
10249
10250
10251
10252
10253
10254
10255
10256
10257
10258
10259
10260
10261
10262
10263
10264
10266
10267
10268
10269
10270
10271
10272
10273
10274
10275
10276
10277
10278
10279
10280
10281
10283
10284
10285
10286
10287
10288
10289
10290
10291
10292
10293
10294
10295
10296
10297
10298
10299
10300
10306
10308
10310
10311
10312
10313
10316
10318
10319
10323
10327
10329
10330
10331
10334
10335
10338
10339
10340
10341
10342
10343
10344
10347
10349
10350
10360
10361
10362
10364
10366
10368
10369
10371
10372
10373
10376
10377
10378
10379
10388
10392
10393
10394
10402
10403
10405
10407
10409
10411
10413
10414
10415
10416
10418
10419
10420
10421
10422
10423
10424
10426
10427
10428
10429
10430
10431
10432
10433
10434
10435
10436
10437
10438
10439
10441
10442
10446
10447
10448
10449
10450
10451
10452
10453
10454
10455
10458
10460
10461
10462
10463
10464
10465
10466
10472
10473
10474
10476
10477
10478
10479
10480
10481
10482
10485
10486
10487
10490
10491
10492
10493
10496
10498
10500
10501
10502
10503
10504
10505
10506
10507
10508
10509
10510
10511
10512
10513
10515
10516
10517
10518
10519
10521
10522
10523
10524
10525
10526
10527
10529
10530
10531
10532
10533
10537
10541
10542
10543
10544
10545
10546
10547
10549
10550
10552
10557
10558
10559
10561
10565
10566
10567
10570
10571
10572
10573
10574
10577
10578
10580
10581
10582
10583
10584
10585
10586
10589
10590
10591
10592
10593
10594
10595
10596
10597
10598
10607
10608
10609
10610
10611
10612
10613
10614
10615
10616
10617
10618
10619
10620
10621
10622
10623
10624
10625
10626
10627
10628
10629
10630
10631
10632
10633
10638
10641
10642
10643
10644
10645
10646
10647
10648
10654
10655
10656
10658
10660
10662
10665
10668
10672
10673
10674
10675
10677
10679
10680
10681
10684
10686
10687
10688
10690
10692
10693
10694
10695
10696
10697
10698
10699
10700
10701
10702
10703
10704
10705
10706
10707
10708
10709
10710
10711
10712
10714
10716
10717
10725
10726
10727
10728
10734
10736
10737
10739
10741
10742
10743
10744
10746
10747
10748
10749
10750
10754
10755
10756
10757
10758
10759
10760
10761
10762
10764
10766
10767
10768
10769
10770
10771
10772
10775
10776
10777
10778
10779
10780
10781
10784
10785
10786
10787
10788
10789
10791
10793
10795
10798
10799
10801
10802
10803
10804
10805
10806
10807
10808
10809
10810
10811
10812
10813
10814
10815
10816
10817
10818
10819
10820
10821
10822
10823
10824
10826
10829
10830
10850
10853
10854
10856
10857
10858
10859
10861
10862
10864
10865
10866
10867
10868
10869
10870
10871
10872
10876
10877
10878
10880
10881
10883
10884
10885
10886
10892
10893
10894
10895
10896
10897
10898
10899
10900
10901
10902
10903
10904
10905
10906
10908
10909
10911
10912
10918
10919
10920
10921
10923
10925
10926
10927
10928
10929
10930
10931
10932
10933
10934
10936
10937
10938
10940
10941
10942
10943
10944
10945
10946
10947
10948
10951
10952
10953
10955
10956
10957
10958
10959
10960
10962
10963
10964
10965
10966
10967
10971
10974
10975
10976
10977
10978
10979
10980
10981
10982
10983
10984
10985
10986
10987
10988
10989
10990
10991
10992
10993
10994
10995
10996
10997
10998
10999
11000
11001
11002
11003
11004
11005
11006
11007
11008
11009
11010
11011
11012
11013
11018
11019
11020
11021
11023
11025
11026
11027
11028
11033
11036
11039
11043
11045
11046
11047
11051
11057
11058
11059
11060
11061
11062
11064
11065
11066
11067
11069
11070
11079
11080
11081
11082
11083
11084
11085
11086
11087
11088
11089
11090
11091
11092
11093
11095
11096
11097
11098
11100
11101
11104
11106
11108
11109
11110
11111
11112
11113
11114
11115
11116
11117
11144
11156
11159
11163
11185
11234
11257
11270
11346
11393
11450
11456
11457
11458
11459
11460
11461
11462
11463
11464
11466
11467
11468
11469
11470
11471
11473
11474
11475
11476
11477
11478
11479
11481
11482
11483
11484
11485
11486
11487
11488
11489
11490
11491
11492
11493
11494
11495
11496
11498
11501
11502
11503
11504
11505
11506
11507
11509
11510
11511
11512
11513
11514
11515
11516
11517
11518
11519
11520
11521
11522
11523
11527
11530
11532
11534
11535
11536
11537
11538
11539
11540
11541
11542
11543
11545
11546
11548
11549
11551
11553
11555
11556
11557
11558
11559
11560
11561
11562
11564
11565
11567
11568
11569
11570
11571
11572
11573
11574
11575
11576
11578
11579
11580
11581
11582
11583
11584
11586
11587
11589
11590
11591
11593
11594
11595
11596
11597
11598
11599
11600
11601
11602
11603
11604
11605
11606
11607
11608
11609
11610
11611
11612
11613
11614
11615
11616
11617
11619
11620
11621
11622
11623
11624
11627
11628
11630
11631
11632
11633
11636
11637
11638
11639
11640
11641
11642
11643
11647
11649
11650
11651
11652
11653
11658
11667
11668
11669
11670
11671
11672
11673
11674
11675
11676
11677
11678
11680
11682
11684
11686
11689
11690
11700
11701
11702
11704
11706
11712
11714
11715
11716
11717
11722
11725
11726
11727
11728
11729
11730
11731
11732
11733
11734
11735
11736
11737
11738
11739
11740
11741
11742
11743
11744
11745
11746
11748
11749
11750
11751
11752
11754
11755
11756
11757
11759
11760
11762
11763
11765
11767
11768
11769
11770
11771
11772
11773
11774
11775
11779
11780
11781
11784
11786
11787
11793
11794
11796
11797
11798
11799
11800
11801
11803
11804
11805
11806
11807
11808
11809
11810
11811
11813
11814
11816
11817
11821
11822
11823
11824
11825
11826
11828
11829
11831
11833
11836
11837
11838
11839
11840
11842
11843
11845
11846
11847
11848
11849
11854
11857
11858
11859
11860
11861
11862
11863
11864
11865
11866
11867
11868
11869
11870
11871
11872
11873
11874
11875
11876
11877
11878
11879
11880
11881
11882
11883
11885
11886
11887
11888
11889
11890
11891
11892
11893
11894
11895
11899
11900
11901
11903
11905
11907
11908
11909
11910
11911
11912
11913
11914
11915
11916
11917
11918
11919
11921
11922
11923
11925
11926
11927
11928
11929
11930
11931
11932
11934
11935
11936
11939
11940
11941
11942
11943
11944
11945
11946
11947
11950
11952
11956
11957
11960
11961
11962
11963
11965
11966
11967
11971
11972
11975
11976
11985
11986
11989
11990
11993
11994
11995
11996
11997
12000
12001
12002
12003
12004
12005
12008
12009
12010
12011
12012
12013
12016
12017
12018
12019
12020
12021
12023
12024
12025
12026
12027
12028
12031
12033
12037
12038
12039
12040
12041
12042
12043
12044
12045
12046
12047
12048
12049
12050
12051
12053
12055
12056
12057
12058
12059
12060
12061
12063
12065
12066
12067
12068
12073
12074
12075
12076
12084
12086
12089
12090
12091
12092
12093
12099
12100
12102
12103
12104
12105
12106
12107
12108
12109
12110
12111
12112
12113
12114
12115
12116
12117
12118
12119
12121
12122
12123
12124
12127
12128
12129
12130
12131
12132
12133
12134
12135
12136
12137
12138
12139
12142
12145
12146
12147
12148
12149
12150
12151
12152
12153
12154
12155
12156
12157
12158
12159
12160
12161
12162
12163
12164
12165
12166
12167
12168
12169
12171
12172
12173
12174
12175
12176
12177
12179
12180
12181
12182
12183
12184
12185
12186
12187
12188
12189
12191
12192
12193
12194
12195
12196
12198
12199
12200
12202
12204
12205
12206
12207
12208
12209
12210
12211
12212
12213
12214
12216
12220
12221
12223
12224
12225
12226
12227
12228
12229
12230
12231
12232
12233
12234
12235
12236
12237
12238
12242
12243
12244
12245
12246
12247
12248
12249
12250
12252
12253
12254
12255
12256
12257
12258
12259
12260
12261
12262
12263
12264
12265
12266
12267
12269
12270
12271
12272
12273
12274
12275
12276
12278
12281
12282
12283
12284
12285
12286
12288
12289
12290
12291
12292
12293
12294
12295
12296
12297
12298
12299
12300
12301
12302
12303
12304
12305
12306
12307
12308
12309
12310
12311
12312
12313
12314
12315
12317
12318
12319
12320
12322
12323
12325
12326
12327
12330
12333
12334
12335
12336
12337
12338
12339
12340
12341
12342
12343
12344
12345
12346
12348
12349
12350
12352
12354
12355
12356
12359
12360
12361
12363
12364
12366
12367
12368
12369
12371
12376
12394
12395
12396
12399
12400
12401
12402
12403
12404
12405
12406
12415
12418
12419
12420
12421
12422
12423
12424
12425
12426
12427
12428
12429
12430
12431
12433
12435
12436
12437
12439
12440
12441
12442
12444
12446
12447
12448
12449
12450
12455
12456
12457
12458
12459
12462
12463
12464
12467
12468
12469
12473
12474
12475
12477
12478
12479
12480
12481
12482
12485
12487
12488
12489
12491
12492
12493
12494
12495
12496
12497
12498
12499
12501
12502
12503
12504
12505
12506
12507
12508
12509
12510
12511
12512
12513
12514
12515
12516
12517
12518
12519
12520
12521
12523
12524
12525
12526
12528
12530
12532
12533
12534
12535
12536
12538
12542
12544
12545
12546
12547
12548
12549
12550
12551
12552
12553
12554
12555
12556
12559
12560
12561
12562
12563
12564
12565
12566
12569
12570
12572
12573
12574
12575
12576
12577
12578
12580
12581
12582
12583
12584
12585
12586
12587
12588
12589
12590
12591
12592
12593
12594
12595
12596
12597
12598
12599
12600
12601
12602
12603
12604
12605
12606
12608
12609
12610
12611
12612
12615
12616
12617
12619
12620
12622
12623
12624
12625
12626
12627
12628
12629
12630
12632
12638
12640
12643
12644
12645
12646
12647
12649
12650
12651
12652
12653
12654
12655
12656
12657
12658
12659
12660
12661
12662
12663
12666
12667
12668
12669
12670
12671
12672
12673
12674
12675
12676
12677
12678
12679
12680
12681
12682
12683
12685
12686
12687
12689
12690
12691
12692
12693
12694
12695
12696
12697
12698
12699
12700
12702
12703
12704
12705
12706
12707
12708
12709
12710
12711
12712
12713
12714
12715
12716
12717
12718
12719
12720
12722
12724
12725
12726
12727
12728
12729
12730
12731
12732
12733
12734
12735
12737
12738
12739
12740
12741
12742
12743
12744
12745
12746
12747
12748
12749
12750
12751
12752
12753
12754
12755
12756
12757
12758
12759
12760
12761
12762
12763
12764
12765
12766
12768
12769
12770
12771
12774
12777
12779
12780
12781
12782
12783
12784
12785
12786
12787
12790
12791
12792
12793
12794
12795
12796
12797
12798
12799
12801
12804
12805
12806
12807
12808
12809
12810
12811
12812
12813
12814
12815
12816
12817
12818
12819
12820
12821
12824
12825
12826
12827
12828
12829
12830
12831
12832
12833
12834
12836
12837
12838
12839
12840
12841
12843
12844
12845
12846
12847
12848
12849
12850
12851
12852
12853
12854
12855
12857
12858
12859
12860
12861
12862
12863
12864
12865
12866
12867
12868
12870
12871
12872
12874
12876
12877
12879
12880
12881
12883
12884
12885
12886
12887
12889
12890
12891
12892
12893
12894
12895
12896
12897
12898
12899
12900
12901
12902
12903
12904
12905
12906
12907
12908
12910
12914
12916
12919
12920
12921
12922
12923
12924
12925
12926
12928
12936
12937
12938
12940
12941
12942
12944
12945
12962
12963
12964
12965
12966
12967
12970
12971
12972
12973
12974
12975
12976
12977
12979
12980
12981
12986
12988
12989
12990
12991
12992
12993
12994
12995
12996
12997
12998
12999
13000
13001
13002
13003
13004
13005
13006
13007
13008
13009
13010
13011
13012
13014
13015
13016
13017
13023
13024
13025
13026
13027
13028
13032
13033
13034
13035
13036
13037
13038
13039
13040
13041
13042
13044
13048
13049
13050
13051
13052
13064
13067
13068
13069
13073
13075
13076
13077
13078
13080
13082
13083
13084
13085
13086
13087
13089
13090
13092
13093
13094
13095
13096
13098
13099
13100
13101
13103
13104
13106
13107
13109
13111
13112
13113
13114
13115
13116
13117
13118
13119
13132
13135
13150
13151
13159
13163
13168
13169
13170
13171
13172
13173
13174
13175
13176
13177
13178
13179
13180
13181
13182
13184
13185
13186
13187
13188
13189
13190
13192
13194
13197
13198
13200
13204
13205
13207
13208
13209
13210
13211
13212
13213
13215
13216
13222
13223
13224
13225
13226
13227
13228
13229
13230
13231
13232
13233
13234
13240
13241
13244
13245
13246
13248
13249
13250
13251
13252
13256
13257
13258
13259
13260
13261
13262
13263
13264
13265
13266
13267
13268
13269
13270
13271
13272
13276
13285
13286
13287
13288
13289
13290
13291
13292
13293
13294
13295
13296
13297
13298
13299
13301
13305
13306
13307
13308
13309
13310
13311
13312
13314
13320
13321
13322
13323
13324
13325
13326
13327
13328
13330
13331
13332
13333
13334
13335
13336
13337
13338
13339
13340
13341
13342
13343
13344
13346
13347
13348
13349
13350
13351
13353
13358
13360
13361
13363
13365
13366
13367
13378
13382
13387
13389
13392
13395
13399
13400
13401
13402
13403
13404
13405
13406
13407
13408
13409
13410
13411
13412
13416
13417
13418
13419
13420
13421
13422
13423
13424
13425
13426
13427
13428
13429
13431
13432
13433
13434
13435
13436
13437
13438
13439
13440
13441
13442
13443
13444
13445
13446
13447
13448
13449
13452
13453
13454
13456
13457
13458
13459
13460
13467
13468
13469
13470
13471
13472
13473
13474
13475
13477
13478
13479
13481
13484
13485
13486
13487
13488
13493
13494
13497
13505
13506
13508
13509
13510
13511
13513
13515
13516
13517
13518
13519
13520
13522
13523
13526
13527
13528
13529
13530
13532
13533
13534
13535
13536
13537
13538
13539
13540
13541
13542
13543
13544
13545
13547
13548
13549
13550
13551
13552
13553
13555
13557
13565
13568
13571
13572
13574
13575
13576
13578
13579
13581
13583
13585
13587
13588
13589
13591
13592
13594
13596
13597
13598
13599
13600
13601
13605
13608
13609
13610
13611
13612
13613
13614
13615
13617
13618
13619
13620
13622
13623
13624
13625
13627
13630
13631
13642
13647
13648
13649
13650
13652
13668
13669
13670
13671
13672
13675
13685
13686
13689
13691
13693
13694
13695
13696
13706
13708
13709
13710
13713
13714
13715
13716
13717
13718
13719
13720
13723
13729
13731
13732
13733
13737
13740
13741
13742
13743
13744
13745
13752
13753
13754
13755
13757
13758
13760
13762
13765
13771
13778
13779
13782
13783
13784
13785
13786
13787
13788
13789
13790
13791
13792
13794
13803
13806
13807
13809
13810
13811
13813
13816
13817
13818
13819
13820
13822
13823
13824
13825
13827
13835
13836
13842
13847
13850
13851
13852
13853
13858
13859
13863
13866
13874
13875
13876
13883
13884
13888
13898
13903
13904
13905
13907
13911
13912
13913
13918
13919
13920
13921
13922
13923
13941
13942
13945
13946
13947
13949
13951
13954
13955
13956
13957
13960
13961
13963
13964
13965
13967
13968
13971
13972
13977
13978
13980
13982
13983
13984
13985
13987
13988
13989
13997
13998
14003
14005
14006
14007
14008
14009
14010
14011
14012
14015
14016
14017
14018
14019
14020
14021
14022
14023
14024
14025
14026
14027
14029
14030
14031
14032
14033
14034
14035
14036
14037
14040
14041
14042
14043
14044
14045
14048
14049
14054
14055
14057
14058
14059
14063
14064
14066
14068
14069
14070
14071
14072
14073
14074
14075
14076
14077
14078
14079
14080
14081
14082
14083
14084
14085
14087
14092
14093
14098
14099
14100
14106
14109
14110
14111
14114
14115
14116
14117
14119
14122
14123
14124
14125
14126
14128
14130
14131
14132
14134
14135
14138
14140
14141
14144
14145
14146
14147
14148
14154
14157
14160
14161
14168
14190
14191
14192
14193
14194
14199
14202
14203
14204
14206
14207
14208
14209
14210
14212
14213
14214
14215
14216
14223
14225
14234
14235
14236
14238
14239
14240
14241
14242
14243
14244
14245
14246
14247
14248
14249
14250
14251
14256
14257
14258
14259
14260
14261
14262
14266
14267
14274
14275
14277
14280
14284
14285
14286
14296
14298
14299
14300
14301
14302
14303
14304
14305
14306
14307
14308
14312
14313
14317
14318
14319
14321
14322
14323
14324
14326
14329
14330
14331
14333
14336
14337
14338
14339
14340
14342
14343
14345
14346
14347
14348
14349
14350
14351
14352
14353
14354
14355
14356
14357
14358
14359
14360
14361
14366
14367
14368
14369
14370
14371
14372
14373
14374
14379
14380
14381
14383
14384
14385
14386
14387
14390
14391
14392
14393
14394
14395
14396
14397
14398
14399
14400
14401
14402
14403
14404
14405
14407
14410
14411
14412
14413
14415
14423
14425
14427
14428
14429
14430
14433
14434
14437
14441
14442
14443
14444
14449
14450
14451
14453
14454
14457
14458
14459
14460
14461
14463
14464
14465
14466
14467
14468
14469
14470
14471
14472
14473
14474
14475
14476
14477
14478
14479
14480
14481
14482
14483
14484
14485
14486
14487
14488
14489
14490
14491
14492
14494
14495
14496
14497
14498
14499
14500
14501
14502
14503
14504
14505
14507
14510
14511
14513
14514
14515
14516
14517
14518
14519
14520
14521
14522
14523
14524
14525
14526
14527
14528
14529
14530
14531
14532
14533
14534
14535
14536
14537
14538
14539
14540
14541
14542
14543
14544
14545
14546
14547
14549
14550
14552
14553
14554
14555
14556
14557
14558
14559
14560
14561
14562
14563
14564
14565
14566
14567
14568
14569
14571
14572
14573
14574
14575
14576
14577
14578
14579
14582
14583
14584
14586
14587
14588
14591
14592
14595
14596
14598
14599
14600
14601
14602
14603
14606
14607
14610
14613
14614
14615
14616
14617
14618
14620
14703
14704
14713
14725
14726
14741
14742
14743
14749
14756
14758
14761
14762
14763
14764
14765
14766
14767
14768
14771
14772
14773
14774
14775
14776
14777
14778
14779
14780
14781
14783
14785
14786
14787
14788
14795
14796
14797
14798
14799
14803
14805
14806
14807
14817
14818
14819
14820
14821
14822
14824
14826
14827
14829
14830
14831
14832
14833
14834
14835
14836
14837
14838
14839
14842
14843
14844
14845
14846
14847
14848
14849
14851
14852
14853
14854
14855
14858
14859
14860
14861
14862
14864
14865
14866
14868
14869
14871
14872
14873
14875
14877
14878
14879
14880
14881
14882
14884
14885
14886
14887
14888
14889
14890
14891
14892
14895
14896
14898
14900
14907
14908
14909
14911
14914
14915
14919
14934
14941
14946
14948
14950
14957
14958
14959
14960
14961
14964
14967
14969
14970
14971
14972
14973
14974
14975
14976
14977
14978
14981
14982
14984
14985
14986
14987
14988
14989
14990
14991
14992
14994
14996
14997
14999
15000
15001
15008
15009
15010
15011
15012
15013
15014
15018
15019
15020
15021
15022
15023
15025
15026
15027
15028
15029
15030
15032
15034
15035
15038
15039
15040
15042
15043
15044
15045
15046
15048
15049
15050
15051
15052
15053
15056
15058
15062
15063
15064
15065
15070
15071
15072
15073
15074
15075
15078
15079
15082
15084
15085
15086
15087
15088
15091
15095
15096
15097
15099
15100
15102
15104
15108
15109
15110
15111
15112
15115
15116
15117
15119
15120
15122
15123
15126
15128
15130
15131
15132
15133
15134
15135
15138
15141
15142
15143
15144
15145
15146
15147
15148
15149
15150
15151
15152
15153
15156
15157
15159
15160
15161
15162
15163
15164
15165
15166
15167
15168
15169
15170
15172
15173
15175
15176
15180
15181
15182
15183
15184
15185
15186
15187
15188
15189
15193
15194
15195
15196
15197
15198
15199
15201
15202
15203
15204
15205
15206
15211
15212
15214
15215
15216
15217
15219
15220
15221
15222
15223
15224
15225
15229
15230
15231
15232
15233
15234
15235
15236
15237
15241
15244
15245
15246
15247
15248
15251
15252
15253
15254
15256
15257
15259
15260
15261
15262
15263
15264
15265
15266
15267
15268
15269
15270
15271
15272
15273
15274
15275
15276
15277
15278
15282
15283
15284
15285
15286
15287
15288
15289
15290
15291
15292
15293
15294
15295
15296
15297
15304
15305
15306
15307
15308
15309
15313
15314
15315
15316
15317
15318
15319
15320
15321
15322
15323
15324
15325
15326
15327
15328
15330
15331
15332
15337
15338
15339
15340
15341
15343
15344
15345
15350
15351
15352
15353
15354
15355
15356
15357
15358
15359
15360
15361
15362
15363
15364
15365
15366
15367
15368
15369
15370
15371
15372
15373
15374
15375
15379
15380
15381
15382
15383
15384
15385
15387
15388
15389
15390
15391
15393
15395
15398
15399
15400
15402
15404
15405
15409
15420
15421
15423
15424
15425
15426
15427
15429
15430
15431
15432
15433
15434
15435
15436
15437
15438
15439
15442
15443
15444
15445
15446
15447
15448
15450
15451
15452
15453
15454
15455
15456
15459
15461
15465
15466
15469
15471
15472
15473
15476
15477
15478
15479
15480
15481
15483
15485
15487
15488
15492
15493
15494
15495
15496
15497
15498
15502
15504
15513
15514
15515
15519
15520
15521
15527
15528
15536
15537
15538
15539
15540
15541
15545
15547
15549
15550
15552
15553
15555
15576
15578
15580
15581
15582
15583
15585
15589
15592
15593
15594
15596
15597
15598
15599
15600
15601
15602
15603
15604
15605
15606
15607
15608
15609
15610
15611
15612
15613
15614
15615
15620
15622
15623
15624
15626
15629
15631
15636
15637
15638
15649
15650
15652
15654
15655
15658
15659
15660
15662
15663
15664
15665
15666
15667
15678
15687
15688
15689
15690
15691
15693
15695
15696
15697
15700
15702
15705
15706
15707
15708
15710
15711
15712
15713
15714
15715
15716
15717
15718
15719
15720
15721
15726
15727
15728
15729
15730
15731
15732
15733
15734
15736
15737
15738
15739
15741
15742
15743
15746
15748
15749
15750
15752
15753
15754
15755
15756
15757
15758
15759
15762
15763
15765
15766
15767
15768
15769
15771
15772
15774
15775
15776
15777
15778
15781
15783
15785
15787
15788
15789
15791
15793
15794
15795
15796
15797
15812
15813
15815
15816
15822
15826
15827
15828
15830
15831
15833
15834
15835
15836
15838
15839
15840
15842
15844
15846
15847
15851
15852
15853
15854
15857
15858
15859
15860
15861
15862
15864
15865
15866
15867
15868
15869
15870
15871
15872
15873
15874
15875
15876
15877
15878
15879
15881
15882
15883
15884
15889
15892
15893
15895
15897
15900
15901
15902
15903
15904
15905
15910
15911
15914
15915
15916
15918
15919
15921
15922
15923
15924
15925
15926
15927
15929
15932
15933
15934
15935
15938
15939
15940
15946
15947
15951
15952
15953
15954
15956
15959
15961
15962
15963
15965
15966
15970
15971
15974
15978
15991
15993
15994
15995
15996
15997
15998
16001
16002
16004
16006
16007
16008
16009
16010
16012
16013
16014
16015
16016
16017
16018
16019
16021
16024
16027
16028
16032
16033
16034
16035
16037
16040
16041
16042
16045
16046
16047
16048
16049
16050
16051
16052
16053
16054
16055
16056
16057
16060
16061
16062
16063
16064
16065
16067
16068
16069
16070
16071
16072
16073
16074
16075
16077
16078
16081
16083
16084
16085
16086
16088
16090
16091
16092
16094
16095
16096
16097
16099
16100
16101
16102
16103
16105
16106
16107
16110
16111
16112
16121
16122
16123
16124
16125
16126
16127
16128
16129
16130
16131
16132
16133
16134
16135
16136
16137
16139
16140
16141
16142
16143
16144
16145
16146
16147
16148
16150
16152
16153
16154
16155
16156
16157
16158
16159
16160
16161
16162
16163
16164
16171
16172
16173
16176
16180
16184
16185
16186
16187
16188
16189
16190
16191
16193
16195
16196
16197
16199
16200
16201
16203
16207
16211
16212
16215
16216
16217
16218
16221
16222
16223
16224
16226
16227
16228
16229
16230
16234
16236
16237
16238
16239
16240
16241
16242
16243
16244
16245
16246
16247
16248
16249
16251
16252
16253
16254
16255
16257
16258
16259
16264
16265
16266
16267
16268
16269
16273
16274
16275
16279
16297
16298
16299
16308
16316
16317
16330
16331
16345
16346
16347
16349
16350
16351
16352
16353
16355
16362
16364
16365
16368
16369
16370
16371
16372
16374
16375
16376
16377
16379
16380
16381
16382
16390
16392
16394
16395
16396
16397
16398
16412
16413
16414
16415
16416
16417
16418
16419
16420
16423
16424
16425
16427
16428
16429
16430
16431
16432
16439
16440
16441
16442
16446
16449
16451
16452
16456
16462
16465
16466
16467
16468
16472
16474
16476
16477
16479
16480
16503
16505
16507
16508
16509
16511
16515
16516
16518
16521
16522
16529
16530
16532
16539
16540
16541
16542
16543
16545
16546
16547
16549
16555
16556
16559
16560
16563
16564
16565
16567
16568
16569
16570
16571
16573
16582
16585
16586
16588
16589
16600
16601
16602
16603
16611
16613
16615
16620
16630
16631
16633
16635
16636
16639
16640
16641
16642
16644
16645
16646
16649
16650
16651
16654
16655
16657
16659
16660
16663
16666
16667
16668
16669
16670
16671
16672
16673
16676
16678
16681
16683
16686
16689
16696
16700
16703
16704
16705
16706
16708
16709
16712
16715
16716
16719
16720
16721
16723
16725
16727
16730
16732
16733
16734
16735
16736
16737
16739
16746
16748
16749
16750
16751
16752
16753
16755
16756
16758
16759
16761
16762
16764
16765
16766
16767
16768
16769
16771
16772
16773
16774
16775
16776
16777
16779
16780
16781
16782
16783
16784
16785
16786
16787
16789
16790
16791
16793
16794
16795
16796
16797
16798
16799
16800
16801
16803
16804
16805
16806
16807
16808
16809
16810
16811
16813
16814
16815
16816
16818
16820
16821
16824
16825
16826
16830
16832
16833
16834
16835
16840
16841
16842
16843
16845
16847
16848
16849
16850
16852
16853
16854
16855
16856
16857
16859
16860
16862
16866
16867
16869
16870
16871
16872
16873
16875
16876
16881
16882
16884
16885
16892
16893
16894
16899
16900
16903
16904
16905
16906
16907
16908
16909
16910
16911
16912
16913
16914
16915
16918
16920
16921
16922
16923
16924
16925
16926
16927
16928
16929
16930
16931
16932
16933
16934
16935
16936
16937
16938
16939
16940
16941
16942
16943
16944
16945
16946
16948
16951
16952
16953
16954
16955
16956
16957
16960
16961
16962
16963
16965
16966
16967
16968
16969
16970
16971
16972
16973
16974
16975
16976
16977
16978
16979
16980
16981
16982
16983
16984
16985
16986
16987
16988
16989
16990
16991
16992
16993
16994
16995
17000
17001
17002
17003
17006
17007
17008
17009
17010
17011
17012
17013
17014
17015
17017
17018
17019
17020
17022
17023
17024
17025
17026
17027
17028
17030
17032
17033
17034
17036
17039
17040
17041
17042
17044
17046
17051
17052
17053
17056
17057
17058
17062
17063
17065
17066
17067
17068
17069
17070
17071
17073
17074
17075
17078
17080
17081
17082
17083
17084
17085
17086
17087
17093
17096
17099
17101
17103
17105
17106
17108
17109
17110
17111
17112
17113
17116
17117
17118
17120
17122
17123
17124
17125
17126
17127
17128
17129
17132
17133
17134
17135
17136
17138
17139
17140
17141
17142
17143
17144
17145
17146
17147
17148
17149
17150
17151
17152
17153
17154
17155
17156
17158
17159
17160
17162
17163
17164
17165
17166
17167
17168
17169
17170
17171
17172
17173
17174
17175
17176
17177
17178
17179
17180
17182
17183
17184
17185
17186
17187
17188
17190
17191
17192
17193
17194
17195
17196
17199
17200
17202
17203
17204
17205
17207
17208
17209
17211
17212
17213
17215
17216
17217
17218
17219
17220
17221
17222
17223
17224
17225
17226
17227
17228
17229
17230
17231
17232
17233
17234
17235
17236
17238
17240
17241
17243
17246
17247
17248
17249
17250
17252
17254
17255
17257
17260
17261
17262
17263
17265
17266
17267
17270
17272
17273
17275
17276
17277
17278
17279
17280
17281
17282
17283
17284
17285
17286
17287
17288
17289
17290
17291
17292
17293
17294
17295
17296
17297
17298
17299
17300
17301
17302
17303
17304
17305
17306
17308
17309
17310
17311
17312
17313
17314
17315
17316
17317
17318
17319
17320
17321
17322
17323
17325
17327
17328
17329
17332
17333
17334
17335
17336
17337
17338
17339
17340
17341
17342
17343
17344
17345
17346
17347
17348
17349
17350
17352
17354
17357
17358
17359
17360
17361
17363
17364
17365
17366
17367
17368
17369
17370
17373
17374
17375
17376
17377
17378
17380
17382
17384
17385
17387
17388
17389
17390
17391
17392
17393
17394
17395
17396
17397
17398
17399
17400
17401
17403
17404
17406
17407
17408
17410
17411
17413
17414
17416
17417
17418
17419
17420
17421
17423
17424
17425
17426
17427
17428
17430
17432
17435
17436
17437
17439
17442
17443
17444
17445
17448
17449
17450
17451
17453
17454
17455
17456
17457
17458
17461
17462
17463
17464
17465
17466
17467
17468
17469
17470
17471
17472
17473
17474
17475
17476
17477
17478
17479
17480
17481
17482
17483
17484
17485
17486
17487
17488
17489
17490
17491
17492
17493
17494
17495
17496
17497
17498
17499
17500
17501
17502
17503
17504
17505
17506
17507
17508
17509
17510
17511
17512
17513
17514
17515
17516
17517
17518
17519
17521
17522
17523
17524
17525
17526
17527
17528
17529
17530
17531
17532
17533
17534
17535
17536
17539
17540
17543
17544
17546
17547
17549
17550
17551
17552
17553
17554
17555
17557
17558
17559
17560
17561
17562
17563
17565
17566
17567
17568
17569
17571
17572
17573
17574
17575
17576
17578
17579
17580
17581
17587
17588
17589
17590
17591
17592
17593
17594
17595
17597
17598
17599
17600
17601
17602
17604
17605
17606
17607
17608
17609
17610
17611
17612
17613
17614
17615
17616
17617
17618
17619
17620
17621
17622
17623
17624
17625
17628
17629
17630
17631
17632
17635
17636
17637
17638
17639
17640
17641
17642
17643
17644
17645
17646
17647
17648
17649
17650
17652
17653
17654
17655
17656
17657
17658
17659
17660
17661
17662
17663
17664
17665
17666
17667
17668
17669
17671
17672
17673
17674
17676
17677
17678
17679
17680
17681
17682
17683
17684
17685
17686
17687
17688
17689
17690
17692
17693
17694
17695
17696
17698
17699
17700
17701
17702
17703
17704
17705
17706
17707
17708
17709
17710
17711
17712
17713
17714
17716
17717
17718
17719
17720
17721
17722
17723
17724
17725
17729
17730
17731
17732
17733
17734
17735
17736
17737
17738
17739
17740
17741
17742
17744
17745
17747
17748
17756
17757
17759
17760
17761
17763
17764
17765
17766
17767
17768
17769
17770
17771
17772
17773
17774
17775
17776
17777
17778
17779
17780
17781
17782
17783
17784
17785
17786
17787
17788
17789
17791
17794
17795
17797
17798
17799
17800
17801
17802
17803
17804
17805
17806
17807
17808
17809
17810
17811
17812
17813
17814
17815
17816
17817
17818
17819
17822
17823
17825
17828
17832
17833
17836
17837
17838
17839
17840
17841
17842
17843
17845
17846
17847
17848
17852
17855
17856
17857
17858
17859
17860
17861
17862
17863
17864
17865
17866
17867
17868
17869
17870
17871
17872
17873
17874
17875
17876
17877
17878
17879
17880
17881
17882
17883
17884
17886
17888
17889
17891
17892
17893
17894
17895
17896
17897
17898
17899
17900
17901
17902
17903
17904
17905
17906
17907
17908
17909
17910
17911
17912
17913
17914
17915
17916
17918
17919
17920
17921
17922
17923
17924
17925
17926
17927
17928
17929
17930
17931
17932
17933
17934
17935
17936
17937
17938
17939
17940
17941
17942
17943
17944
17945
17946
17949
17950
17951
17952
17953
17954
17955
17958
17959
17960
17961
17962
17963
17964
17965
17966
17967
17968
17969
17970
17971
17972
17973
17978
17983
17984
17985
17987
17988
17989
17990
17993
17994
17995
17996
17997
17998
17999
18000
18001
18002
18003
18004
18005
18006
18007
18008
18009
18010
18011
18013
18014
18015
18016
18017
18018
18019
18020
18021
18022
18023
18024
18026
18027
18028
18029
18030
18031
18033
18034
18035
18037
18038
18040
18041
18042
18043
18044
18045
18046
18048
18051
18052
18053
18054
18055
18057
18058
18059
18060
18061
18062
18063
18065
18066
18070
18071
18072
18073
18074
18075
18076
18077
18078
18079
18080
18081
18082
18083
18084
18085
18087
18088
18089
18092
18095
18096
18097
18098
18101
18102
18103
18105
18107
18108
18111
18112
18114
18115
18118
18119
18120
18121
18123
18125
18126
18127
18128
18129
18130
18131
18133
18134
18137
18138
18141
18142
18145
18146
18147
18148
18149
18150
18154
18156
18157
18158
18159
18160
18161
18162
18163
18164
18165
18167
18168
18169
18170
18171
18173
18174
18175
18176
18177
18178
18179
18180
18181
18183
18184
18185
18186
18187
18188
18189
18190
18191
18192
18193
18194
18195
18196
18197
18198
18199
18200
18201
18202
18203
18204
18205
18206
18207
18208
18211
18212
18213
18214
18215
18217
18218
18219
18220
18222
18224
18225
18226
18229
18233
18234
18235
18236
18237
18238
18241
18244
18246
18247
18251
18253
18255
18260
18264
18266
18267
18269
18270
18273
18274
18275
18276
18277
18278
18279
18280
18281
18282
18283
18284
18285
18286
18287
18288
18291
18292
18293
18294
18295
18296
18297
18299
18300
18304
18306
18307
18308
18312
18316
18317
18320
18321
18322
18323
18324
18325
18326
18327
18329
18330
18331
18333
18334
18335
18336
18341
18342
18343
18346
18347
18349
18350
18353
18355
18356
18358
18360
18361
18362
18363
18364
18367
18373
18375
18376
18377
18379
18380
18381
18383
18386
18390
18392
18393
18396
18397
18398
18400
18402
18403
18404
18405
18406
18407
18408
18409
18410
18411
18413
18417
18423
18425
18426
18428
18429
18430
18431
18432
18433
18434
18435
18436
18438
18440
18441
18442
18443
18445
18446
18447
18448
18449
18450
18451
18452
18453
18454
18455
18456
18457
18458
18459
18460
18461
18462
18463
18464
18465
18466
18468
18469
18470
18472
18473
18477
18479
18480
18481
18482
18484
18490
18492
18494
18495
18496
18497
18498
18499
18501
18504
18505
18506
18507
18508
18509
18510
18511
18514
18515
18516
18517
18518
18519
18521
18525
18526
18528
18529
18530
18531
18532
18533
18535
18536
18539
18540
18541
18542
18543
18544
18546
18547
18548
18549
18550
18552
18553
18554
18555
18556
18557
18559
18560
18565
18566
18568
18569
18572
18573
18574
18576
18577
18578
18579
18580
18581
18583
18584
18585
18587
18588
18589
18590
18591
18593
18595
18597
18598
18599
18600
18601
18602
18604
18607
18608
18611
18612
18613
18614
18615
18619
18620
18627
18628
18629
18630
18631
18632
18633
18636
18638
18639
18640
18641
18642
18643
18644
18645
18647
18648
18649
18650
18651
18652
18653
18654
18655
18656
18657
18658
18659
18660
18661
18662
18664
18665
18666
18667
18668
18669
18670
18671
18672
18674
18675
18676
18677
18678
18679
18680
18681
18682
18683
18685
18686
18687
18688
18689
18690
18691
18692
18693
18694
18695
18696
18697
18698
18699
18700
18701
18702
18703
18704
18705
18707
18708
18709
18712
18713
18714
18715
18716
18717
18718
18719
18720
18721
18722
18723
18724
18725
18727
18730
18731
18732
18733
18734
18735
18737
18738
18740
18741
18742
18743
18744
18746
18748
18749
18750
18751
18752
18753
18754
18755
18756
18757
18758
18759
18760
18761
18762
18763
18764
18765
18766
18767
18769
18770
18772
18773
18774
18775
18776
18777
18778
18779
18780
18781
18782
18783
18784
18785
18786
18787
18788
18789
18790
18791
18792
18793
18794
18795
18796
18797
18798
18799
18800
18801
18802
18803
18804
18805
18807
18808
18810
18814
18815
18820
18821
18822
18824
18825
18826
18827
18828
18829
18830
18831
18832
18833
18834
18835
18836
18837
18839
18843
18844
18846
18847
18855
18856
18857
18859
18860
18861
18862
18863
18864
18866
18867
18873
18874
18875
18876
18877
18878
18879
18880
18881
18882
18884
18885
18888
18889
18890
18892
18899
18902
18904
18905
18906
18907
18909
18910
18911
18912
18913
18914
18915
18916
18917
18918
18923
18931
18932
18933
18934
18935
18936
18937
18938
18939
18940
18941
18942
18943
18944
18945
18946
18947
18948
18949
18950
18951
18954
18955
18956
18957
18958
18959
18961
18962
18963
18965
18966
18967
18968
18969
18970
18971
18972
18973
18974
18975
18976
18978
18980
18982
18983
18985
18986
18987
18989
18990
18991
18992
18994
18995
18996
18997
18998
18999
19000
19002
19003
19004
19005
19006
19007
19008
19009
19010
19011
19012
19013
19014
19015
19017
19018
19019
19021
19022
19023
19024
19025
19026
19027
19028
19029
19030
19031
19032
19033
19034
19035
19036
19037
19038
19039
19040
19041
19042
19043
19044
19045
19046
19047
19048
19049
19050
19051
19052
19053
19054
19055
19056
19057
19058
19059
19061
19064
19066
19067
19068
19069
19070
19072
19073
19074
19075
19076
19077
19078
19079
19080
19081
19082
19083
19084
19085
19086
19087
19088
19089
19090
19091
19092
19093
19094
19095
19096
19097
19098
19099
19100
19101
19102
19103
19105
19106
19107
19109
19110
19111
19112
19114
19115
19117
19119
19120
19121
19123
19124
19125
19126
19127
19128
19129
19130
19131
19132
19133
19134
19135
19136
19137
19138
19139
19140
19141
19142
19143
19144
19145
19146
19147
19148
19149
19150
19151
19152
19154
19155
19156
19157
19158
19159
19160
19161
19162
19163
19164
19165
19166
19167
19168
19169
19170
19171
19172
19173
19174
19175
19176
19177
19180
19181
19182
19183
19184
19189
19190
19191
19192
19193
19194
19195
19196
19197
19198
19199
19200
19202
19203
19204
19205
19206
19207
19208
19209
19210
19211
19212
19213
19215
19217
19218
19220
19221
19227
19228
19229
19232
19235
19237
19241
19242
19243
19245
19246
19248
19249
19250
19252
19253
19254
19256
19258
19259
19266
19267
19268
19269
19270
19271
19272
19273
19274
19275
19276
19277
19278
19279
19282
19293
19294
19296
19304
19306
19307
19310
19311
19312
19315
19325
19326
19327
19328
19329
19330
19331
19332
19333
19334
19335
19336
19337
19338
19339
19340
19341
19342
19343
19344
19345
19346
19347
19348
19349
19351
19352
19354
19355
19356
19357
19358
19359
19360
19361
19362
19364
19365
19366
19368
19369
19370
19371
19372
19373
19374
19375
19376
19403
19404
19406
19407
19408
19410
19412
19413
19414
19415
19416
19417
19418
19419
19420
19421
19422
19423
19424
19425
19426
19427
19428
19429
19430
19431
19432
19433
19434
19435
19436
19438
19441
19442
19443
19444
19445
19447
19448
19453
19454
19457
19458
19464
19465
19466
19467
19468
19469
19471
19472
19473
19474
19477
19482
19483
19486
19487
19488
19489
19490
19491
19492
19493
19494
19498
19500
19501
19503
19504
19505
19506
19507
19508
19509
19510
19511
19512
19513
19515
19516
19517
19519
19520
19521
19523
19524
19525
19526
19527
19528
19529
19530
19532
19533
19534
19535
19536
19538
19539
19540
19541
19542
19543
19546
19547
19550
19551
19552
19553
19554
19555
19557
19559
19560
19562
19563
19565
19566
19567
19569
19570
19571
19572
19573
19574
19575
19576
19577
19578
19579
19580
19581
19582
19583
19584
19585
19586
19588
19590
19591
19592
19594
19595
19596
19597
19598
19599
19600
19601
19602
19603
19604
19605
19607
19608
19610
19611
19612
19613
19622
19624
19625
19626
19628
19631
19633
19636
19648
19652
19663
19666
19668
19669
19680
19684
19685
19691
19696
19701
19705
19707
19708
19710
19712
19714
19716
19724
19725
19727
19730
19731
19740
19741
19742
19743
19744
19747
19748
19749
19750
19752
19754
19756
19757
19758
19759
19760
19761
19762
19763
19764
19765
19767
19770
19771
19772
19773
19774
19775
19776
19777
19778
19779
19780
19781
19782
19784
19785
19786
19787
19788
19789
19791
19792
19793
19794
19796
19799
19800
19801
19802
19805
19806
19807
19808
19809
19811
19813
19814
19815
19822
19823
19824
19825
19827
19828
19829
19832
19838
19839
19844
19845
19846
19847
19852
19854
19855
19857
19858
19863
19867
19868
19871
19872
19873
19874
19875
19879
19880
19884
19885
19886
19889
19890
19892
19893
19894
19897
19898
19899
19900
19901
19902
19903
19904
19906
19907
19908
19909
19910
19911
19912
19914
19915
19918
19919
19920
19921
19922
19923
19924
19925
19926
19927
19928
19929
19930
19931
19932
19933
19937
19938
19939
19940
19941
19942
19945
19946
19947
19948
19955
19958
19959
19960
19962
19963
19964
19966
19968
19972
19973
19974
19976
19977
19982
19983
19984
19985
19986
19987
19988
19989
19991
19992
19994
19995
19998
19999
20000
20001
20002
20003
20004
20005
20006
20007
20009
20011
20012
20013
20014
20015
20016
20018
20021
20022
20023
20024
20026
20027
20028
20029
20030
20031
20032
20033
20034
20035
20036
20037
20038
20039
20040
20041
20042
20043
20044
20045
20046
20047
20048
20049
20050
20051
20052
20055
20058
20059
20060
20061
20062
20063
20064
20066
20067
20069
20070
20071
20072
20073
20074
20075
20076
20077
20078
20079
20080
20081
20083
20084
20087
20088
20090
20091
20092
20093
20094
20095
20096
20097
20098
20099
20100
20101
20103
20104
20105
20110
20111
20112
20113
20117
20118
20119
20120
20121
20123
20124
20125
20126
20127
20128
20129
20131
20132
20134
20135
20136
20137
20138
20139
20150
20151
20153
20154
20155
20156
20166
20173
20175
20177
20178
20179
20184
20186
20187
20189
20193
20194
20195
20198
20199
20200
20205
20206
20207
20211
20213
20214
20215
20216
20217
20218
20219
20220
20221
20225
20226
20227
20228
20229
20234
20236
20237
20238
