11200
6651
3390
11384
11298
10555
11137
7920
8327
19247
16531
8569
650
14736
13492
10833
17538
7331
18928
5379
14669
762
6013
1515
14732
2520
19381
16438
16277
6043
16492
19251
19693
8588
6096
9660
2369
6494
16453
18378
17541
15139
15242
12452
1302
4316
19683
11182
15784
4148
5548
5539
14825
6139
5980
9948
7406
3911
14902
8479
16210
4163
16284
3035
13924
16577
13726
5716
4827
16623
14585
11790
19388
8534
14182
2278
16378
16677
5922
4062
2949
4824
9887
4003
3820
19283
8729
15676
13158
9372
11212
9624
12773
288
19476
19627
1493
1669
19405
19866
9924
13491
13284
14269
13667
7440
10132
11709
11292
9413
19835
10456
16485
16527
6588
6827
15127
5684
1988
1829
5964
1886
6737
3145
2438
9704
2951
8383
14382
9146
4431
14290
6300
16802
1391
1889
2715
11434
5982
9560
15378
13736
6179
3487
641
6037
5892
6738
18626
9789
11344
12822
14627
9978
15396
10417
7534
1915
15679
15475
15814
8336
285
4064
11841
1330
8935
453
9905
2911
6101
13812
13849
4401
16287
14221
15061
4573
2894
2318
15980
19545
10470
9155
10652
3043
14769
602
19702
4589
1890
13917
14649
8682
8320
11220
6123
11299
12723
11654
13722
9628
10381
14654
16393
196
1490
2916
15885
2691
647
13837
12006
3640
14913
10860
5466
5345
16533
19398
6834
4323
16593
7473
15641
7716
9798
2514
17545
16283
13317
1404
14747
7191
6116
10606
9166
10659
6176
15250
13570
19662
17434
18419
5306
8554
16319
10202
1719
15529
12776
1102
12930
6158
342
10166
16557
9910
11448
11376
5217
11310
7287
19561
13391
15535
17762
12635
13105
13359
11968
13616
11238
19020
14086
2910
6854
16878
9796
13871
3472
18427
1194
14152
13247
4430
19480
18384
5608
16726
3601
2027
17102
19263
15698
13698
14689
15744
4618
14636
19934
14662
1519
9765
14153
8946
10730
5084
16491
5496
14378
418
11383
18421
9908
6236
12240
7199
19956
14150
15760
8394
14288
7828
15621
16747
15643
15129
13899
11210
15568
10720
5064
11626
11056
5179
11792
10328
14912
13637
17974
8561
14696
17433
18389
16113
14723
14046
8292
7517
4417
15661
16341
9939
16578
565
7141
14857
13861
6386
15586
5622
11951
1810
17005
4447
20224
19944
3037
13219
8539
5063
10837
11303
11723
6362
414
8229
14655
11246
4207
7270
14097
4200
6662
9817
9485
16722
20122
13821
15300
12987
5090
9545
19681
9896
7883
855
7263
16917
11500
14230
3762
16339
14917
1777
1053
6287
2845
17237
6867
1071
6093
14597
8271
15098
15912
7504
15458
16778
13730
19819
16590
6091
19558
13561
13577
16661
16444
20164
17422
16116
10044
5811
11192
13164
12932
17834
12800
13646
16401
2725
6227
1407
15103
11782
13673
12072
16348
6810
2598
8948
11052
479
13318
11949
16838
14956
7374
16360
6783
11198
15054
2385
8966
5783
16321
15640
14279
4171
6655
4689
13154
8179
12126
19692
129
10229
14810
10484
7753
6177
16357
6274
2291
16306
11315
4352
2956
12036
17596
5587
6909
8111
8504
2519
11896
14435
12471
1738
2971
19318
5695
12445
10006
4715
1192
9205
12949
13895
4762
589
1926
14650
6334
7436
9224
1662
19478
6658
11375
9038
13885
14455
9831
6132
11897
9838
15564
18478
4189
19766
10922
11524
2649
19284
6481
2590
2912
1259
7330
18209
18520
19179
7176
15551
9993
4100
12470
2788
2119
2089
6458
12636
10265
19396
2406
9926
14121
17440
9406
6316
1948
15406
11073
13770
2684
3491
14710
5147
9152
15992
16448
3580
11157
7365
11373
2968
18366
11263
6111
1534
16558
2605
711
19851
11121
15990
3887
6790
9697
19690
16310
1548
16844
15680
9448
15920
12558
13300
6773
15937
18474
5305
2952
1244
20010
9731
9641
8264
12328
2915
16610
3111
19606
13705
10636
4186
11440
17851
18711
12416
9886
1418
2984
14002
3712
15080
9957
354
8326
4619
11324
15899
5768
16388
14793
17355
11634
5540
9815
16996
19979
15509
9129
12386
12633
7261
13775
14314
9591
1861
10162
15376
5215
16614
1290
11151
6761
5380
5044
9962
1714
1839
9842
7294
15467
1905
6868
10916
19320
2128
8788
6429
10307
3581
1107
20114
18684
17038
13868
14692
9235
16455
14335
3457
11984
5654
1371
7280
16688
9920
5709
11648
16652
13855
11378
3316
141
14792
710
2417
14273
5921
5061
4596
20140
553
1395
4471
15989
10404
15588
14227
2902
11296
16179
10604
10794
10637
13856
16286
16717
6940
14095
11122
15106
18250
19234
14659
17755
15809
11016
19739
11423
1341
12215
2855
8334
12414
18370
15386
12251
11692
6551
6660
14170
13699
5159
179
10649
2953
6690
17114
13563
7026
11187
8912
13595
6819
505
6005
19589
19409
7604
12170
6524
19397
6647
2297
19548
19187
6497
16699
9168
16609
5686
11902
13074
18099
11322
6987
2142
12351
11412
9946
11293
14315
9522
13385
12664
7591
14667
19214
14612
10412
11250
1598
16322
4835
6777
4905
15005
14815
14364
15863
9879
7453
17917
4873
15076
13108
11022
14200
7526
6408
12736
11697
12912
18420
10459
5432
9056
13586
3830
9293
5454
5462
5702
13908
5245
1188
11268
1004
15059
5535
890
1414
14730
7222
18771
11696
17885
4214
4046
10154
8131
14623
17459
14376
15617
15118
2294
5364
19818
2086
5157
9878
19870
7432
1778
10825
16634
16874
18422
10887
19812
10924
14708
3466
3831
12358
15627
11884
1277
2466
15801
20143
18249
5310
14362
4160
4602
3812
9897
13148
20222
15969
1344
16463
13749
14951
7488
3592
14201
13909
2073
3308
7321
11789
14229
1338
5610
15968
5569
4886
4741
10148
4298
12540
5206
12381
4164
1643
16591
17835
16118
16214
11661
9659
11335
1513
5185
16581
7665
12939
8960
15281
13662
10548
364
6149
15066
6695
8826
9090
10551
1331
781
19224
19803
11331
13831
6122
9832
487
18563
4650
11142
16632
17670
5425
8170
5810
15722
8957
11705
6483
183
13381
1035
828
10950
10489
12579
13993
14268
1082
9544
4629
6596
15657
14664
8543
11830
8317
4795
11415
7694
13277
11155
15377
18090
11154
625
12631
5806
11552
18524
1349
2100
6870
5312
13798
12953
19395
10408
12120
9853
4802
9610
9981
7881
19323
11343
6106
13282
19522
12460
13153
9343
16044
16294
14224
1916
3137
1152
16999
2885
9906
16562
1740
10359
13507
5767
5336
4034
10676
6735
899
14916
981
14931
19734
13928
1497
441
2552
14666
6420
3572
19255
6869
5481
3456
18596
1455
6419
12387
335
15140
952
11368
6595
14309
19496
7093
1367
17251
13932
13567
1017
1381
13134
10332
18558
16232
5681
11958
13162
15006
6262
10018
10874
1551
9554
10026
964
9318
5381
10719
3144
11349
13962
8481
6154
10027
10139
612
9851
16829
4134
13465
3891
7452
5549
6304
9951
17584
16344
2226
2481
13490
11392
13930
7670
2935
16535
15178
2176
11386
13088
16643
14493
15673
4005
18091
11230
431
1056
16354
14456
5584
16036
4798
9935
8496
18153
14685
9446
3020
19621
18594
10576
13889
583
6324
11998
5605
10014
2614
5079
3427
11235
3235
13165
13377
14629
4299
8153
19063
5507
5006
9407
4983
18609
5990
7040
334
15534
6276
13653
1803
8310
18953
11988
6921
12097
366
6080
679
14903
1374
11959
3005
20145
13933
2138
5615
6180
5210
6318
18625
8268
2957
10047
16302
10365
16888
6707
14183
19869
19461
4212
1739
20212
7827
16738
4932
20148
14675
390
10891
12438
13071
4243
16574
19201
10733
14220
17004
14447
19810
6906
15335
16332
11015
11202
6340
3301
6142
5242
5417
1521
14166
14647
12408
546
7660
6328
13193
2987
4328
6333
11635
4070
16745
9141
9837
11818
6156
12071
1593
15645
13929
4103
3522
4058
11136
5457
8366
19225
13774
384
85
4000
18290
15888
9830
12007
18240
16373
15674
3524
2292
5758
1100
11566
2833
14409
4241
14625
5025
9953
11363
4535
11424
18210
20109
13707
10309
5592
1380
3070
17089
1401
16731
10029
14801
3036
11166
4026
10326
12913
15670
9849
784
6765
19389
9431
1151
8175
14341
8914
9875
11444
16538
5626
19878
11660
12486
4203
10797
14751
10049
14674
4097
5860
16583
8807
10001
2707
18412
11103
9923
12064
14155
17651
357
16318
18475
14657
11317
19391
2576
5431
16827
11125
10575
8485
1012
17245
10222
1402
16433
14281
11835
9443
6406
19382
5658
11938
3715
13499
19711
7346
16958
16023
6439
6118
5441
9112
5149
17585
19859
15530
13712
19001
11710
19450
1354
5800
16192
5638
19639
6562
8480
7631
17947
9459
14735
18502
7047
10391
11034
11369
15985
12466
12410
10083
10395
3751
777
12378
1040
12062
1604
8168
8167
13935
16470
2981
9937
15158
7125
2882
5740
5625
11777
2596
13020
13626
18424
11358
20057
9233
19687
19634
5890
15569
9602
11416
659
19638
4962
16638
9631
9592
10670
5586
16272
7029
9911
5213
19980
19882
3815
9537
15584
8199
17752
7245
12911
14414
10100
708
3234
4859
18216
8257
19831
8699
20107
11414
8121
9999
19313
2233
9435
16599
7849
16637
13313
18311
16039
6087
18503
10851
15850
16342
2244
6126
11183
5536
16819
15950
4079
14104
8290
9959
19957
718
1088
5007
5791
11178
11399
10917
6749
9775
19895
17379
15255
10004
6648
7868
12372
1529
17441
16898
645
136
18395
2594
1057
5205
6426
4258
15557
18851
13938
13661
1844
18925
18739
11402
4888
9835
9867
11244
14101
2053
8978
4687
5360
11625
14419
10000
6984
1901
2835
9891
12347
11311
3245
20191
13123
4111
341
3646
15137
10135
11851
16399
9139
2060
16458
166
6873
5060
13780
4072
9860
5765
18567
10037
14932
8177
497
13634
10972
19640
11904
16325
16707
14061
15817
19936
14784
6459
15984
6802
9730
7049
14753
19916
14113
11186
14173
498
14332
13878
14056
15511
16020
11278
9439
9810
18811
1408
8403
9070
5659
3443
5799
11465
16175
8571
14953
5967
4290
17091
8171
17821
13221
5898
6061
16422
12079
7596
5742
16333
18352
12417
16076
20180
3561
15945
7929
2934
7590
15518
6068
7345
9909
14255
2939
2719
18039
18230
7227
10783
19321
16409
19618
3183
3859
19262
9646
1754
16026
18025
9894
16182
11218
11898
19387
11055
16831
11236
6781
7872
3490
12648
5178
5346
16307
11076
2056
7257
6038
8249
16495
4786
7281
3922
5463
18245
3068
1346
2718
5804
16406
2404
4315
1452
14118
5821
14716
10325
43
3238
10170
592
19795
16886
18527
977
10353
8130
13814
6233
11533
5444
5598
8542
12767
5912
16478
13830
11439
14661
19660
925
3949
13524
19746
770
6584
15486
2383
8684
16363
11618
11388
6309
586
2923
20210
69
13688
14143
16324
13316
12332
2308
14800
13237
3339
11173
18471
476
17095
11455
19695
1542
14159
18823
3538
14750
6298
12379
8552
7110
11054
7267
6285
379
12222
13125
8195
19679
8278
1743
5649
4847
10840
4142
13500
5366
11472
5545
2122
19860
11856
6322
10305
15619
12451
9063
11205
7658
14133
14185
6147
2776
6435
4208
3959
18242
11194
14933
9874
4052
15880
14181
14633
13590
18319
730
11411
12095
10203
19703
17749
17076
2111
2857
8144
16839
1052
7479
7605
2892
15015
12125
18340
11436
485
16079
9072
3537
7994
18151
14737
2780
14936
19990
11214
10149
15348
14271
16680
8288
9647
388
1074
5565
14102
20170
4694
11422
14377
10220
4414
1357
6979
16293
8938
16754
9820
4461
14162
11254
13345
10488
18069
11251
12933
6103
9590
9058
2569
13728
18467
15403
666
6138
15764
2436
12614
17137
1086
1554
10355
5665
11319
17098
13915
6941
18252
19257
6332
11992
10844
1358
7066
9041
4546
18313
19843
15482
9247
18221
6432
4500
16788
7484
11316
16170
8638
5889
5639
11656
9941
8990
11753
16675
1318
5078
1495
7324
18415
9818
12432
18106
9845
4368
18896
11563
15542
1252
14739
15463
16697
19615
2858
6160
11508
4282
7785
5773
3006
5071
10134
16605
6341
4695
639
2930
15240
15302
573
6410
11550
16822
10301
15675
5358
9945
18303
4023
11693
10025
2107
13739
19065
13725
14052
375
8555
1451
16624
8493
13802
4666
16426
15818
11148
15745
17520
4872
6024
13057
4068
3996
1620
6052
9615
17691
1464
15017
16575
13655
6986
4102
9723
16329
14905
18545
11306
5537
11664
16323
7279
7152
6405
10194
1139
5604
1737
7652
9973
14663
19667
8645
5256
5376
15041
9881
1190
6447
9969
12500
11721
5822
14196
13721
8193
18903
4708
2711
5226
16868
6241
16082
18870
14979
18483
6163
14605
2418
14289
19670
5585
11699
7469
9616
2977
11445
14816
4035
19657
16327
7667
11130
14640
1505
13161
13580
17157
3438
14740
16003
10888
7655
10131
13166
13128
1470
5759
1471
19790
590
9912
6184
10831
19833
11659
2785
6047
14375
7754
9130
15747
13660
18575
20008
19380
14232
8572
7333
14038
1594
15068
2895
13357
16499
2272
9955
11529
809
1306
11371
13860
15179
20239
18924
14436
7888
14733
5963
1588
15653
2678
2918
13772
6412
14809
9486
4249
4874
12029
18984
11853
15002
13927
2449
9806
10406
5977
16728
14671
10230
9104
2851
16836
12568
18354
15751
15024
19737
1917
10538
14570
11453
18139
19698
19402
13970
15418
2302
5365
13925
13140
13462
11329
16901
16168
16087
5877
13451
14292
6136
15855
3570
2669
2777
7269
19499
11190
19952
15786
4598
12453
16282
3182
19118
18988
6493
13602
15347
19967
10322
4825
7615
3519
16519
16000
17956
6792
11365
19950
14757
10834
6398
4209
6260
5581
3632
16486
5062
6315
14237
642
16058
15802
5145
13996
14922
11547
19736
20171
19305
12688
1370
5382
13678
9464
6073
13564
6319
12959
14195
18872
1671
9337
994
15554
8281
13756
19188
11152
265
775
13994
5987
2928
13195
12943
11219
4686
5577
638
5359
4633
11695
16554
16404
5543
9067
7353
16151
15808
11421
16043
11350
19437
13206
10745
11272
903
1613
8999
10724
14265
17743
9812
5356
18853
13217
15089
18926
14718
10443
15512
3470
9415
2964
15410
1068
19446
17029
12721
8390
12803
3021
14894
13393
13375
1396
1186
13999
17603
8335
1859
11099
2889
16616
2713
6736
7036
9308
4054
14065
13959
14609
13160
8519
15647
10882
9400
10845
11355
9484
19308
19850
14639
1486
11241
5218
9811
17181
13121
10839
16896
5371
9246
15566
6366
1585
5976
4576
15208
11261
6115
4671
709
20159
15136
7522
17728
5377
13931
11300
15973
11075
11380
1125
4971
2825
6814
9927
19738
6751
20020
15907
18868
7580
9488
416
8106
5746
18610
13238
4590
4860
6491
12985
13137
10038
8853
16120
11158
2071
6663
10354
6474
10367
2082
18476
18809
9785
12543
14156
18047
19617
14665
14088
6705
9115
6917
9952
4595
6650
13910
19704
7271
4037
6858
5593
6476
4116
3817
4572
4477
6980
14211
19216
15031
19804
16744
13319
9986
13843
14719
15522
15671
16487
5001
7550
20017
15105
1898
1666
13029
19383
10653
14624
19865
7249
13056
13848
4063
14169
16488
1774
5961
5711
11711
15701
15516
3821
3916
7443
10913
9159
1181
13203
5859
584
14171
14512
19322
3961
6561
18845
2629
14090
16400
2653
10640
19440
18981
16178
13201
11379
8728
1430
20209
1796
19060
1339
11397
14174
9744
19462
2891
12054
13724
5415
1817
10663
10399
7214
7813
14714
538
6290
979
10562
9913
4580
3100
3602
18416
16305
2568
12389
8681
3920
14962
2403
18369
13991
13562
8781
13374
4713
6169
11068
18512
12409
13828
2797
11850
6691
4387
16343
2464
16270
15407
13021
7879
19456
1587
68
12929
2982
13777
14051
6768
11132
11427
5918
9936
7339
16711
11663
9364
11353
19654
20144
6748
10664
11211
1425
13415
4366
13795
13503
13950
13639
10890
13867
1600
16902
9341
6882
1919
11409
5383
11240
12869
14744
13628
5694
7230
8127
14421
9824
575
5669
6105
9050
14622
18272
19768
19016
17675
16337
16138
2941
17452
19713
6782
5087
2966
8668
391
4270
633
14103
10282
2865
12034
19238
4332
9363
7972
2435
11405
9128
11577
239
11340
17130
11302
3827
2250
14432
3148
14127
14745
9140
1748
2772
9371
14452
15948
15573
17264
11766
15648
7058
13278
15449
7172
3002
15560
11644
19642
16694
667
16402
3130
12915
6423
605
8279
14790
18345
921
1146
2392
11221
18116
17977
6645
15782
2075
11233
5772
14701
14293
8950
16454
19659
16435
14608
2765
7363
6780
16695
2942
4242
14253
16408
10358
9161
19664
20208
8244
8438
5499
5927
955
4928
13122
15577
14028
19653
5609
19439
5253
13976
3512
11955
937
8104
15556
18929
3408
19223
4846
9880
18086
1011
11724
4717
4620
17189
11407
15016
15639
4069
12882
5573
3115
18920
15249
19303
15684
11544
12239
16520
9661
15894
13546
5769
422
4198
4133
1494
2958
9797
14198
18328
16513
5766
12321
9553
1251
6130
5329
7161
19745
14219
2026
18254
2896
831
3228
5082
18228
11351
11264
2886
11321
17047
1566
1332
7156
16038
8993
20197
15299
9947
16292
10540
444
11451
7612
15570
14812
4120
9150
17537
2732
8180
15468
2832
1055
6817
13199
4115
2110
6446
16510
6102
11307
5251
19497
1198
15517
11184
19233
8036
9010
509
11449
20054
10387
2049
6744
2177
6704
3978
8980
11044
6128
3639
593
1489
10520
19635
19700
2920
15561
3818
13657
14231
15821
20235
15685
10382
11389
6248
1005
10346
14149
10483
10536
13865
17844
7283
10032
14139
9507
7286
2627
18886
13202
11180
13495
4165
11354
8930
6235
12374
16367
6275
2429
1262
4875
19632
16580
4342
5552
9
9079
19479
8108
4425
13046
15090
10302
3320
19153
18067
13386
7422
5407
18262
16621
3157
11168
1530
14197
16281
8586
18261
7002
14648
17090
3045
16497
10828
11040
5820
393
9829
250
13763
6095
4153
5445
4365
7417
19798
2407
8929
12393
2962
4979
5754
8820
4451
16665
11207
18394
4057
4350
3823
6554
10973
14417
16450
5561
3593
7593
11030
15154
16701
2774
2887
3533
8372
1045
11987
13680
3283
9054
6107
8998
10651
10721
199
5588
19699
14365
18387
9456
18332
6942
14187
16551
14925
6085
16291
2884
16391
956
16710
18582
13906
1355
1446
14446
19841
14316
15803
14811
11287
2316
9915
13280
6835
11123
367
11042
7349
15625
7117
9523
16572
19280
11370
19495
8230
18050
10178
15618
7166
220
5056
728
4224
6796
5682
12080
62
9124
5367
18223
14108
18036
2909
12947
15191
14927
16489
9802
14850
19732
15987
5745
12557
7719
14863
5579
17583
18865
16383
7713
14684
16475
6633
10639
9988
16612
4030
5429
9513
3178
19295
10792
11688
15548
1481
11982
16713
19842
443
8210
19460
9483
18603
13582
18887
5697
6669
3587
18571
19614
18891
8892
11297
20192
14167
15686
5447
7778
8490
7475
6919
2607
16592
3847
12701
10024
1092
9828
14053
4963
4714
13674
11126
14252
1840
607
8949
10045
16823
19287
4338
4647
11279
12411
1006
19769
14295
19830
9866
4173
13734
14690
16233
13483
17986
11645
7425
241
19881
16204
19285
12571
4340
17021
7228
15635
11232
4515
15004
19729
16548
1041
6342
14264
1882
17796
5928
10003
20147
11161
5476
13773
20160
12143
19222
1221
3112
4693
2771
10605
982
10304
9740
7046
6131
13156
18371
13183
13352
6472
5559
6620
2113
16109
5230
10568
10010
11105
11776
6759
8818
5297
12490
14687
2437
2032
8139
5924
7891
4287
2655
20167
19616
15489
6951
4496
374
7229
1409
13255
13793
6301
15848
13066
12087
15171
13679
14923
8568
2270
12639
11253
458
20141
14637
5878
7050
12461
10602
17371
2980
11920
19993
15977
13157
4797
12802
652
9843
976
11174
6104
16177
11964
17979
1215
8340
17980
4974
19226
2458
4796
11077
6157
13896
12931
10534
15083
11954
2143
17326
2234
8489
7223
6007
8026
19883
11531
6171
4356
16165
18901
9956
11305
2883
9644
18900
2709
8299
8906
8566
11145
13379
6229
9904
16880
549
9288
15843
16437
2860
10198
2236
11124
11078
5655
2792
6411
3511
2159
15976
15243
9157
2173
7278
19288
9651
12070
7252
5277
389
15336
17982
9839
7492
6522
8101
1577
14067
10039
7882
13214
10729
11404
9834
6566
11357
1397
11441
14283
601
4621
12823
289
15490
15192
12927
788
15510
9965
2422
13901
10846
6182
19728
17790
2592
9737
3629
12472
6129
7017
1510
14001
18897
6141
9442
2058
16502
5204
3813
18110
4956
11199
5442
14180
18551
4418
6646
5606
13808
6433
15124
10383
7251
6280
2439
544
1231
12365
4223
16271
14694
18372
20082
3910
9982
15820
7259
14731
10752
14993
16724
17415
14712
4664
4199
1851
6473
11390
5501
18493
15944
4587
10914
10216
10475
9823
3892
6250
2421
2424
20168
12375
14682
10457
6652
18487
17031
3016
19289
766
7187
13635
8440
6701
14706
20181
18012
5798
9971
2927
3824
16213
14968
14096
5081
1628
5474
19671
2433
11374
4257
12917
5165
17793
16526
17331
13329
5246
20230
8215
12950
9987
14287
17115
16617
16687
14746
13766
16407
14653
10396
17831
1180
1491
6996
11381
7405
6343
1531
13371
16550
19261
18309
11820
967
1189
19651
745
2550
11038
5065
18849
16005
7979
19240
5508
13711
16208
8852
6904
18673
10186
11289
12190
19643
3764
3113
4936
3938
6513
6981
19677
14823
4423
13053
3808
7268
2277
16312
13304
10348
5072
6124
5637
8639
19826
8245
4800
16949
6148
16464
13133
4119
6165
14752
11227
19689
7336
6151
7918
6977
18869
10351
6982
9729
5533
5164
10425
6699
8197
10970
3885
13606
15312
5343
16622
10375
9977
4022
11165
14652
8260
8322
18848
10221
12641
11146
16579
19682
6758
8754
14631
16964
6877
787
5590
11694
6677
5453
11301
7231
11189
15279
7657
1583
16525
3428
9451
7581
6415
14668
10889
16606
17072
15484
8218
5802
6534
11325
9476
16288
10751
15470
18921
9531
4584
16209
13531
20108
4628
9096
8393
2854
11177
1646
9263
11286
5960
2688
15507
6863
11288
3233
128
15525
6427
998
1002
10731
8267
1043
11937
10016
7063
16627
18927
1795
3468
6466
5058
3488
4285
10352
11314
3129
6114
16597
5962
6072
17201
7784
7128
6938
2030
5764
16296
8301
4259
13948
15113
6599
7158
16812
8137
4206
4583
3312
5886
14594
7246
16851
2947
11262
13110
3857
1811
3855
4179
19231
7091
18437
9861
9996
780
13030
12069
8191
17627
17131
11347
14874
5259
10012
2227
11338
5675
9664
18357
17054
7244
13063
15207
7812
15832
13031
4076
18399
6552
11385
10050
6174
18534
18617
11337
8996
4844
7348
12934
721
13872
15415
16714
1179
1431
10661
14697
11442
1416
10961
3685
11294
9888
10528
10587
15669
8773
6575
3683
7277
9803
11295
12413
8592
4156
16320
1013
8165
13279
4292
16493
5172
14431
2789
10137
9131
5475
6764
13482
8216
6026
15735
13841
5566
13362
8985
6702
16436
19265
15683
14420
17697
8579
20133
14276
13191
13055
9958
6985
9949
11243
9555
10774
7338
11179
10401
6703
4641
5558
20158
19978
11588
9901
16682
14717
19386
15413
15036
5635
9105
548
16890
11282
3375
16837
13573
5472
447
15979
19688
8971
5353
10314
6639
15258
10333
10022
17750
13303
3886
17582
20163
12788
6436
16166
13826
6286
10410
88
14901
7226
1187
13463
9138
4672
14406
13881
15829
337
16011
2844
14509
19665
5972
9145
18634
15007
1562
14462
13632
13607
18140
14270
5917
648
13939
13958
5629
8160
14644
10683
14282
18315
13666
19840
1329
9833
2423
1480
17059
7018
14297
5375
9781
15531
7933
20201
14094
9626
2704
10384
9950
417
4136
11526
13687
11162
6050
13372
14698
13992
17268
7181
16104
11433
15303
8497
11953
17107
8590
11153
6769
9960
6335
17727
6685
13840
2279
2901
17853
19363
13254
17975
16219
7155
18729
15805
1185
3012
2943
14646
12101
4329
3391
3184
15981
6849
14760
13869
8304
8919
15081
10723
18952
6337
14651
5368
10205
10499
15505
13147
4966
5495
4321
12960
10315
19661
2970
2325
2493
4592
5582
20142
19647
13857
2160
100
7501
13641
20102
7362
17351
12407
18259
18152
11394
5856
19455
19309
3854
1449
1440
8487
17045
13146
16729
3229
6468
15590
13302
13645
16250
16022
9654
4059
18930
11196
17824
20185
13665
2853
8994
19264
6728
1245
8725
11431
5934
16865
8585
974
19514
5919
10303
1755
8333
6317
4756
385
15837
16537
3663
16861
1377
19587
5326
3971
18401
12842
117
953
11973
1463
7525
3430
5696
14628
9976
2245
13815
13476
5422
477
4376
10650
8253
19630
3062
16534
10158
1938
11245
9506
13768
10200
10722
9206
7936
18049
9355
19864
15311
6039
14924
15333
17826
8233
1904
4066
19733
13900
530
16262
5743
5284
8226
12642
5038
707
19353
14952
15579
19549
13629
5274
6718
12380
14004
1361
5471
4056
18726
653
6462
19848
11359
237
10199
13633
2534
2121
16411
8141
6441
16080
11224
12218
13397
10208
9550
12197
18606
18993
15349
16658
6643
1060
15704
111
9117
6890
1841
13525
11308
12476
10939
11418
16536
897
6330
2059
14548
15651
19260
10713
16498
12412
3869
2937
14272
19449
16031
7664
1630
19178
17330
248
16889
12541
11226
4110
1073
17274
7635
19317
11267
16625
9794
6064
1900
20202
7379
18586
11413
17542
11171
11313
13058
5771
13059
9444
14702
11271
17088
6404
16552
5299
12957
8396
12219
5039
11048
4566
10535
13747
19531
11778
12778
1945
16461
19650
2593
12144
9437
8565
2276
6273
15401
13796
15003
9763
7009
3153
6071
3655
11223
18745
13380
1023
8234
13952
12567
15441
17381
15694
6414
15077
200
6219
11029
11980
19281
9458
699
13934
9850
15633
2585
800
8102
4788
4949
13621
16757
5449
15972
635
14047
17447
19816
19709
11924
2959
8963
14120
16891
13384
16608
6902
4472
3517
10969
2904
16314
18841
19706
8124
13045
6086
8298
16108
11802
14178
12955
15773
19556
11332
7914
13873
5698
16445
13894
4096
6809
4779
6730
10553
5956
13091
1661
18243
4250
7407
3684
5209
5757
7272
13560
20232
13413
7468
19291
15500
3620
11499
13126
1292
9596
6108
11834
1924
4593
14142
16648
14634
8443
2304
1117
8567
7369
15591
8410
1512
11815
6424
9089
6654
2480
9932
19475
17431
6167
14680
13455
16702
9916
9974
4002
9855
7614
20149
14291
1927
452
19609
16653
3116
13902
11719
15999
6477
1793
11237
14695
2919
15047
9093
15841
18813
18310
4363
2309
10073
16863
13677
18850
18842
12665
5568
18100
11201
9307
14876
5370
18871
11983
146
15565
17239
10847
13727
3114
1525
5207
14218
14389
4649
13142
16300
5591
10838
9917
5575
13846
6431
2926
5891
11072
15067
15209
2386
8913
6070
15770
4157
84
16304
15982
6078
15960
10030
14808
12098
17104
10678
4767
16846
8927
5630
6793
1295
2940
4691
20223
15491
9450
8964
5059
3828
17405
19116
13953
15819
17307
7746
10063
14163
2530
11437
16684
16598
9151
2457
13651
16770
8241
496
11129
9799
1248
13139
8577
10468
20152
14883
5744
6743
16595
8205
16504
4603
3928
15226
4188
15227
9766
11276
3105
16183
6144
19673
9122
14755
7641
1206
16883
6828
10036
10397
16434
1142
15699
6098
7863
18854
11718
15936
13893
16059
351
3748
12217
11208
15799
4075
10390
13253
11094
10740
12948
9990
2092
15798
1254
6409
16897
1769
1680
10028
16114
12022
5362
13373
11071
11277
7173
2933
13663
7192
4895
15810
2897
13926
14681
12613
13097
3039
14870
14278
11280
16334
16421
1075
1757
8761
10841
4349
6750
415
4582
15574
6079
9002
9370
11333
19913
14700
13681
1257
15562
5858
16656
11396
11031
18838
19718
16030
6779
8500
4362
8665
15800
10569
10247
8538
9800
3442
10603
8308
15200
2287
1790
1564
4017
18117
15301
11657
10685
13738
7491
9882
15931
18231
109
14677
11341
901
16457
13124
15533
1899
9992
235
9718
5208
4346
6440
7360
4688
13390
19646
1044
19290
4322
16628
11169
13022
19400
6492
2961
17259
3836
5664
13974
13369
10345
11291
9846
284
5220
16817
15558
8896
14676
9158
10444
13512
18592
9127
15411
6488
12096
11747
634
15949
5435
14791
5576
13283
13396
12951
8593
13501
8200
11425
3365
11284
8506
9634
14327
9970
9856
457
2907
16301
16864
12878
19537
13966
16895
4505
771
12370
19672
14856
17957
12141
9821
14947
7606
6089
1878
8525
12465
7219
5920
2237
9645
13274
11127
6288
11679
3722
5052
18302
18365
17035
15725
13127
92
4175
11832
8502
11345
11629
5693
11170
13640
1420
13636
17016
6785
7930
14679
3473
1767
16742
4357
1062
18122
15681
4915
4184
11032
19722
7282
2478
19678
19969
6166
19949
9819
19297
1682
10669
13155
11970
15571
10380
7314
15909
19641
6856
5355
14320
4269
7323
19797
9009
9482
9331
18624
11707
5631
16335
10790
9014
5553
14945
12529
12140
2986
10738
7747
11175
13839
3809
8817
9877
13376
15983
12088
712
2931
14611
18418
11320
1183
17048
514
18522
12618
2881
6117
16482
19935
15761
2453
9408
7745
13703
18314
16403
1046
3480
1768
14388
1177
829
8491
1423
5287
15055
11454
16220
5707
10715
9998
6428
18374
18523
12772
12946
2525
16607
11783
9745
16947
6644
14325
10173
7320
5751
14013
7370
3734
3018
18818
16384
1535
14955
4941
13887
16997
8085
15501
4278
5763
16315
11102
10497
7668
14151
11209
11361
15121
9365
18257
3098
1492
13480
959
7376
5232
7328
14091
4355
19853
15508
352
2963
3469
14311
12385
8147
19981
19817
4351
10732
14222
16276
4594
2533
13141
15825
11265
16263
12637
5214
13880
1732
4174
12390
11432
5235
9060
15457
4255
10718
9814
7820
10180
6756
5243
14711
12287
310
7717
19292
9852
9087
11138
11446
20053
4475
15988
14226
6244
16469
18500
5197
1508
15587
15824
18268
2898
17753
1540
10440
5531
5801
5163
14164
13149
13891
5143
11150
15419
9734
6329
11372
1601
4787
4191
1477
4499
15499
16295
10671
9045
8103
10235
19856
14186
15941
1518
14949
17633
17037
12377
16647
9907
15346
6865
1789
7650
6478
18768
10827
703
1184
2960
2985
9735
11141
4151
15634
17362
3717
9844
19862
15917
5433
5530
17626
19715
13684
15462
8492
18964
9178
18819
19186
10494
13683
1372
5628
18385
18439
18344
18537
15646
9979
2101
19965
3693
6088
11191
9903
15779
442
5656
1725
17119
8150
4106
13656
7237
785
19649
18977
9319
8174
1731
12969
551
1178
10009
6615
3564
12280
11017
18382
19953
12607
13496
13986
7919
19717
1242
2054
11480
4215
5551
12268
6145
8123
14721
18258
2434
7724
20065
4434
19122
11795
9511
18893
7790
6051
5666
16879
3532
11342
15526
14804
1067
1229
9898
1500
9942
10915
11417
19367
20146
15416
13235
6314
17043
19834
11348
18155
17726
17253
14050
16117
14310
14943
10836
5544
18136
11377
5308
16389
1087
9539
20231
8305
14691
1145
4364
16206
7613
16887
14589
1195
12032
19996
19286
5708
5567
7608
4101
2116
11258
16356
18444
5823
20165
1897
7027
10800
5703
11318
20204
10133
11855
6536
9613
18298
17820
5270
3694
3906
17372
10336
6430
5752
4277
4234
7200
19300
14720
682
10635
6069
12077
15886
13489
6812
5532
15474
11420
15898
2675
9795
8436
13864
7065
8231
9972
2296
19676
9873
17206
13638
1667
6729
6150
12083
17271
10385
2708
2955
11024
14954
15632
2671
2685
16740
10363
9509
5943
1879
11312
13072
2505
9967
2114
8116
17758
13973
1565
16205
10187
19970
8465
7129
18621
6162
547
11275
3060
1356
13682
18646
2273
19891
18414
15656
13862
14440
19185
16313
6786
327
18561
17577
9826
2249
12918
20196
7361
7201
11352
4416
18056
4902
3381
13886
20161
2412
5357
17409
13690
9944
19399
16311
13521
14802
10554
14897
13450
16338
7347
182
19820
9966
8515
6168
11525
7647
14928
4814
1850
13461
11228
6326
2730
6218
13804
3652
9938
17830
11181
2426
6011
6183
15524
1703
16500
8932
13975
8528
5528
9995
14136
11063
9113
5211
9648
887
9163
3451
15682
3161
5538
5600
5550
13131
7669
18960
16336
359
10337
6556
2800
19836
20169
6755
5088
4314
10389
18605
8995
6694
13834
4965
5578
18488
15906
5534
11400
3560
5320
12085
15546
14814
6457
14693
8115
9840
16718
7715
4330
10008
13750
10015
3520
9984
14656
9180
17754
1270
651
11362
19350
2917
1411
20233
1289
8032
4113
9162
6082
9542
1197
8830
10471
14686
20174
7783
3723
10011
18032
10855
17198
19656
16561
17258
13559
7368
16169
16877
4244
13676
5583
9709
18143
17092
143
19644
10207
16584
13019
9968
9170
1791
2479
20089
908
13062
6668
11408
4801
15806
2929
1028
12539
14438
5750
11074
4262
11585
14107
19905
2515
12961
9933
6425
2274
18337
14426
14939
3063
242
12357
17244
1140
8970
15563
17256
11037
11213
11035
18706
1079
20190
18263
17751
4887
1465
5337
7927
2973
14506
15616
2157
1069
19961
14705
17429
11382
13018
8277
18564
10034
1720
19485
5450
14918
16285
14910
14899
14672
11435
20130
14715
10019
14930
14722
6490
13102
5660
5389
1394
16693
5004
10398
978
2972
3263
3889
4004
110
1653
13558
11410
1393
14416
3307
11119
6208
16261
16025
13047
17269
3205
10682
14105
14828
15155
19236
14580
11713
15845
15642
4929
4099
8294
5761
19821
11255
9742
14709
10356
16358
7451
9101
17412
16098
13013
11665
6243
5378
5923
1454
13801
19896
14920
13748
13870
11691
7285
4261
8486
14188
2946
11188
15544
1807
5420
4036
7744
8560
90
10666
7378
9720
9218
6876
17064
18486
3272
704
7056
14966
3709
11248
10002
19637
7632
11204
11327
5401
16483
1935
13979
11788
426
13697
16916
19062
18368
9487
19459
10445
15523
529
14176
18919
11266
11216
1328
4662
16506
7366
16950
3618
9440
16501
15239
9983
18135
13658
4155
7296
10142
17161
20182
16664
6808
18806
15298
569
6336
11452
19694
11703
7001
4926
11140
13364
15033
14619
2921
2913
5755
13355
10172
2542
13569
18622
13702
9919
13060
5369
1595
5602
4294
15913
14789
5250
11242
7167
11053
16326
10579
2932
15037
4848
5219
18104
13829
16490
3038
15967
2166
11269
5070
17050
10076
13243
6471
19751
11360
19314
9249
18637
16576
15094
13566
11948
758
11764
1980
14581
10601
10832
15107
15057
1450
6137
6947
12873
11592
19954
3952
19113
13466
2978
14158
1596
2842
12454
13882
11366
11812
16167
6831
11041
10013
2573
13937
10556
4893
12362
13664
16494
9885
16303
3563
14840
12052
19392
13136
13079
9883
1078
10782
6306
11149
19481
19593
16256
465
3389
13877
18388
6464
15942
19301
2908
13554
7565
1351
14942
12203
8446
15908
15811
802
1228
4930
5717
19302
16290
1626
5621
1812
11791
9221
11334
8722
6825
54
2731
15503
9543
14328
14089
229
4898
14893
9822
11328
15896
10842
19470
18747
4283
20172
15807
10875
14724
168
1343
15310
4984
9386
980
360
18172
5458
1300
12835
13832
12391
1008
17827
13129
14643
10035
18318
5904
571
15575
14944
16278
14621
2948
13643
1260
6422
16674
6421
2555
1382
5925
11497
2115
18812
9922
13940
4964
10159
6133
15460
16604
2641
11225
17061
9490
19629
15724
3923
20019
8259
11014
10469
7866
16763
7032
13556
15060
11391
17097
1537
6302
14906
2482
10560
6813
13370
5315
11698
630
9106
4665
6099
240
15849
2983
6036
12331
14983
10177
20025
7749
15559
14707
427
9854
2988
19377
16194
11231
4940
15397
11761
19888
15780
4806
9650
17438
18391
6824
15856
3909
14759
20157
14770
19917
6797
10189
3681
16626
17850
387
14670
18513
7592
2431
12094
18895
14658
5141
17100
2611
2048
13916
3069
20116
8611
10206
7884
13701
5333
10849
10227
18817
16679
14418
19104
5446
11844
13936
13514
1138
12277
15572
18908
2022
6657
15412
4760
3525
14938
15190
2286
2133
10370
6455
10735
13654
13897
13700
18248
1469
13145
13281
17214
4114
1250
10174
19971
5024
19319
15422
5514
16260
19390
2205
8142
1866
4410
1191
6665
5080
20203
7709
11050
2878
19378
3950
13152
5965
14754
13464
4182
8916
6742
4469
2965
4190
3521
11999
13081
16328
11197
13844
325
6659
11419
18227
13388
11819
11239
7395
14177
2667
13584
2293
9441
12392
16235
4162
11260
4770
10753
13764
19230
1742
5955
18710
1914
11687
17446
10873
15703
2112
7260
12241
18064
13692
9632
3810
1156
2589
17094
10225
8845
3523
6345
9890
18538
18635
935
19502
9196
3315
10910
1182
9963
19518
3575
1523
16858
657
963
1324
3606
11785
16919
4624
2914
14937
11978
7064
18351
14782
14673
8488
5428
2634
3811
6463
19735
5653
10357
6323
12527
6299
1733
4839
3131
16385
13143
15464
19071
10968
4763
16496
12015
7284
10852
15440
1603
12954
16517
1668
14998
10321
9708
17564
3896
5627
14448
9961
9549
16309
13167
11428
17079
15672
4426
6094
13761
16174
2746
10667
5570
15428
17121
18265
19619
4313
11143
11274
10773
16596
19620
10765
4131
16231
19861
2899
3264
6475
4019
11259
1120
8134
9825
9411
6289
15628
8378
1255
9064
116
13838
9622
13504
7877
9502
12856
14263
11685
13735
12434
14867
8541
12201
11256
16029
12384
18239
16361
1105
11285
18289
15964
8152
11304
6081
5459
14294
12909
15069
17792
12443
8128
4768
12078
11991
10689
6002
1971
13767
456
14112
15823
8520
13368
12397
1645
13797
9767
14638
12888
4406
16544
15890
8256
13943
1467
3489
6062
15955
49
16473
19316
655
15532
14935
2230
14813
5352
12329
7695
9876
18109
17991
7718
2945
115
2903
14921
9538
6251
13065
5770
9501
8628
13218
13502
7607
4006
5616
6294
1896
10386
9489
9921
1741
1612
13315
11906
4894
11398
10119
2969
12978
9629
1003
11249
17556
9925
9902
15329
19645
9491
11708
11167
9175
4597
9388
10023
13144
6380
13892
16289
11758
6864
2906
13220
8596
3695
7030
13398
3081
10077
11120
8575
14424
10879
4367
19298
12081
15723
10400
16743
6320
5430
15408
4466
4648
19463
6512
11528
6416
12014
17992
16662
20056
1118
12958
15567
2778
6325
17386
2074
6228
9389
4194
19394
17402
8206
14593
1771
1459
772
5520
9193
1504
5958
17570
11443
16618
8198
10031
19675
18338
11981
924
16198
2314
7782
5194
18491
9827
11172
6903
14184
2327
13800
12082
18922
4996
8972
14060
15506
13751
11852
15414
7723
5513
4836
6760
14014
19997
14445
11447
6084
17242
12324
14363
4053
7688
14748
6484
714
4247
10588
9847
3479
7315
5057
8944
9989
11979
8228
6988
5017
15887
6983
6454
3571
6303
11281
6621
12634
11655
9816
15644
1893
16202
4055
9635
16481
14228
4891
10041
19876
11969
2944
11147
11273
9652
6479
7524
20068
1317
7741
19753
8280
2829
10059
9149
3626
15692
12382
613
4799
13799
2391
10600
13833
10599
11217
9577
12982
421
5737
4229
1802
3471
13239
643
13969
16280
2925
13430
19887
17055
13354
11160
4601
9623
995
3367
8283
646
5473
10467
15543
10040
10634
12484
7761
5632
830
16410
9841
14334
14995
6259
4235
11283
1123
14408
13659
9047
10167
8726
18562
5005
1794
10201
16359
14678
12035
13603
2624
6754
1288
5372
15709
4024
6418
6449
19411
20085
14630
14963
11356
19324
14635
7012
14926
15677
15218
2879
9975
14254
2432
11662
19755
6181
10954
18894
4407
9460
13604
3832
16741
5354
11133
3075
14175
656
18339
14794
14590
17829
15975
1378
4317
9636
6146
1522
14062
713
14137
14632
4152
5344
14129
19723
89
13356
8863
6135
18489
14000
4740
10048
5374
18348
17715
15804
11367
17948
19951
11252
1854
18623
14683
1536
6143
7364
16523
3419
16524
11330
9719
10657
16366
16566
13805
14551
3565
11554
4205
5260
18301
11401
5560
3518
2900
3919
14217
18736
18883
6697
4073
9776
17356
14205
16089
19484
1368
9859
4130
15342
15092
9209
17976
10691
1831
18144
2938
10123
10007
12522
16447
11139
17746
7034
9943
8236
9633
4588
5572
14841
9219
1869
13854
2905
6470
16386
17460
424
3749
11666
4183
15417
6161
12373
16443
729
231
13414
17210
6649
1963
10863
1482
9361
14965
13383
15668
793
17049
7830
16792
12983
12030
9813
1970
6313
9228
3594
12383
13746
4281
6155
2007
1199
20188
13120
14422
3890
9980
1862
2824
7725
13990
6152
5613
649
19849
2473
5247
19452
3454
12968
11229
4882
5096
18093
2636
5487
10204
392
6109
1038
10374
13394
11933
6153
19783
9864
11326
16685
6862
1775
1660
2303
9914
15986
16514
16405
1159
14179
5762
10317
13981
5410
9137
19975
11309
2975
7225
1532
11438
19568
16484
9656
2954
4196
5657
3050
11290
12875
5792
16149
19697
18166
15280
14165
13769
7439
15114
4455
19393
14929
11683
14940
16760
16828
10075
15394
11164
5913
7380
12537
20162
15790
2125
11339
4331
1419
12984
6164
420
484
18305
19544
5564
9918
19385
14727
1891
1502
4470
7297
7786
11646
773
8166
16181
15595
14660
6173
5760
11049
11206
9964
2126
1007
14699
13995
15891
4225
112
5234
4318
2922
9940
18256
3152
17383
12684
16471
5233
1468
14688
13275
6310
3496
13273
10320
15930
9862
16594
8564
5676
19943
11426
4916
363
3888
8235
6437
9153
4591
10563
8730
10949
13593
15928
12388
2452
5882
9148
9125
14344
16460
10175
5478
12531
16587
18618
12935
11977
19721
1103
14233
11387
18124
15125
6003
3856
7441
17548
3878
16066
3814
7274
9954
17981
17854
9574
16691
5427
2893
19686
9612
340
9732
2315
5857
14980
18816
2749
12956
5231
10033
10843
3678
10324
16340
17353
19623
9492
15392
14172
19379
7359
15957
6916
12316
5855
11429
12279
10514
7308
4337
14734
18898
7037
7895
14626
10539
13498
8719
15943
8482
14508
6767
18485
18979
15792
13242
9991
1648
3049
9899
7742
13759
12789
5685
18182
10935
11176
14738
18663
15174
9068
552
362
12952
9787
13776
8442
9764
10495
5521
17890
18616
7174
8862
18852
6178
5258
19726
11222
4538
17634
19564
9118
19244
1792
19674
3095
1390
19719
13043
2512
17197
19837
4245
6913
12353
12775
9783
5455
14439
4585
5589
9848
17077
1969
233
11974
11336
8371
14039
1520
16093
6308
5434
9934
5351
10763
18094
10179
11681
19384
7254
6855
18359
3921
2243
11193
2720
19655
1937
11323
11403
1136
13196
180
16553
4112
19658
15228
20086
9410
14904
20115
15093
13890
11118
5144
1439
16692
10907
9884
6249
14604
7569
16619
9900
10835
17586
11107
19401
545
3819
6327
9617
1305
5902
14728
4616
15740
17324
10176
14641
11134
13944
16512
5030
14642
11215
15630
17849
6487
16959
10564
9619
5935
20176
15334
18570
2979
11203
12621
7594
6234
19239
20183
18113
9366
16629
9739
15958
5529
19720
12398
2460
10005
6159
5984
1253
6237
3816
12178
6121
972
2880
5361
10848
14645
7164
8136
9801
18840
15213
19299
13914
18132
1514
5350
13644
5903
5509
3653
16698
8274
11135
18068
15210
6247
8783
16387
13070
4176
8395
11131
11195
16225
11720
3755
7178
9172
16528
13704
3185
9788
15238
13138
19877
7700
11430
13130
5663
6915
14729
13054
9620
16998
13236
16459
13061
8361
13781
2281
13879
11395
2097
11827
19108
11128
4685
2615
15101
1576
338
11406
4433
4246
18858
8983
2141
18728
13845
2603
4248
606
12483
1627
11364
17060
17887
4586
19219
16119
2420
2950
18232
6836
9994
386
11247
14189
19451
10796
1964
9889
550
6100
10211
16690
3879
18271
20106
9721
16115
10138
10160
9500
3187
15177
